desired_joint, measured_joint
0.00757405, 0.00766992
0.00757405, 0.00757405
0.00757404, 0.00757405
0.00757397, 0.00757405
0.0075738, 0.00757405
0.00757346, 0.00757405
0.00757291, 0.00757405
0.00757209, 0.00757405
0.00757097, 0.00757405
0.00756949, 0.00757405
0.0075676, 0.00766992
0.00756528, 0.00757405
0.00756246, 0.00757405
0.00755913, 0.00757405
0.00755522, 0.00757405
0.00755072, 0.00757405
0.00754558, 0.00757405
0.00753977, 0.00757405
0.00753326, 0.00757405
0.00752602, 0.00757405
0.00751801, 0.00766992
0.00750921, 0.00766992
0.0074996, 0.00757405
0.00748914, 0.00757405
0.00747781, 0.00757405
0.0074656, 0.00757405
0.00745247, 0.00757405
0.00743841, 0.00757405
0.0074234, 0.00766992
0.00740742, 0.00757405
0.00739045, 0.00757405
0.00737249, 0.00757405
0.00735351, 0.00757405
0.00733351, 0.00757405
0.00731246, 0.00757405
0.00729037, 0.00757405
0.00726722, 0.00757405
0.00724301, 0.00757405
0.00721772, 0.00757405
0.00719135, 0.00757405
0.0071639, 0.00757405
0.00713536, 0.00757405
0.00710573, 0.00757405
0.00707501, 0.00757405
0.00704319, 0.00757405
0.00701028, 0.00757405
0.00697628, 0.00757405
0.00694119, 0.00747817
0.00690502, 0.00757405
0.00686776, 0.00747817
0.00682942, 0.00747817
0.00679002, 0.00747817
0.00674954, 0.00747817
0.00670801, 0.00747817
0.00666543, 0.0073823
0.00662182, 0.0073823
0.00657717, 0.00728643
0.0065315, 0.00719055
0.00648482, 0.00719055
0.00643715, 0.00709468
0.0063885, 0.0069988
0.00633887, 0.00690293
0.0062883, 0.00690293
0.00623678, 0.00690293
0.00618434, 0.00680706
0.00613099, 0.00690293
0.00607676, 0.00680706
0.00602165, 0.00680706
0.00596569, 0.00671118
0.00590889, 0.00680706
0.00585127, 0.00671118
0.00579286, 0.00671118
0.00573368, 0.00671118
0.00567374, 0.00661531
0.00561307, 0.00661531
0.00555169, 0.00661531
0.00548961, 0.00651943
0.00542688, 0.00651943
0.0053635, 0.00642356
0.0052995, 0.00642356
0.00523491, 0.00632769
0.00516974, 0.00632769
0.00510403, 0.00623181
0.00503781, 0.00623181
0.00497108, 0.00613594
0.00490389, 0.00604006
0.00483626, 0.00604006
0.00476821, 0.00594419
0.00469976, 0.00594419
0.00463096, 0.00584832
0.00456182, 0.00584832
0.00449237, 0.00575244
0.00442264, 0.00556069
0.00435266, 0.00546482
0.00428245, 0.00536895
0.00421204, 0.00527307
0.00414147, 0.0051772
0.00407075, 0.0051772
0.00399992, 0.0051772
0.003929, 0.0051772
0.00385803, 0.0051772
0.00378702, 0.00508132
0.00371602, 0.00508132
0.00364505, 0.00488958
0.00357413, 0.0047937
0.0035033, 0.0047937
0.00343258, 0.00469783
0.00336201, 0.00460195
0.0032916, 0.00460195
0.00322139, 0.00450608
0.00315141, 0.00441021
0.00308168, 0.00441021
0.00301223, 0.00421846
0.00294309, 0.00412258
0.00287428, 0.00402671
0.00280584, 0.00393084
0.00273779, 0.00383496
0.00267016, 0.00364321
0.00260297, 0.00364321
0.00253624, 0.00364321
0.00247001, 0.00364321
0.00240431, 0.00364321
0.00233914, 0.00354734
0.00227455, 0.00354734
0.00221055, 0.00354734
0.00214717, 0.00345147
0.00208444, 0.00345147
0.00202236, 0.00335559
0.00196098, 0.00345147
0.00190031, 0.00335559
0.00184037, 0.00335559
0.00178118, 0.00325972
0.00172277, 0.00325972
0.00166516, 0.00316384
0.00160836, 0.00306797
0.0015524, 0.00306797
0.00149729, 0.0029721
0.00144306, 0.0029721
0.00138971, 0.00287622
0.00133727, 0.00278035
0.00128575, 0.00268447
0.00123518, 0.00268447
0.00118555, 0.0025886
0.0011369, 0.00249272
0.00108923, 0.00230098
0.00104255, 0.0022051
0.000996883, 0.00210923
0.000952234, 0.00210923
0.000908614, 0.00210923
0.000866035, 0.00210923
0.000824505, 0.00201335
0.000784032, 0.00201335
0.000744625, 0.00201335
0.000706289, 0.00201335
0.000669031, 0.00201335
0.000632855, 0.00201335
0.000597765, 0.00201335
0.000563765, 0.00191748
0.000530857, 0.00191748
0.000499041, 0.00191748
0.000468319, 0.00191748
0.000438689, 0.00191748
0.000410149, 0.00191748
0.000382698, 0.00182161
0.00035633, 0.00191748
0.000331042, 0.00182161
0.000306826, 0.00182161
0.000283677, 0.00182161
0.000261585, 0.00182161
0.000240542, 0.00182161
0.000220538, 0.00172573
0.00020156, 0.00172573
0.000183596, 0.00182161
0.000166631, 0.00182161
0.000150652, 0.00172573
0.000135641, 0.00172573
0.00012158, 0.00172573
0.000108452, 0.00172573
9.62353e-05, 0.00172573
8.49087e-05, 0.00172573
7.44496e-05, 0.00172573
6.48339e-05, 0.00162986
5.6036e-05, 0.00172573
4.80292e-05, 0.00162986
4.07852e-05, 0.00162986
3.42745e-05, 0.00162986
2.84661e-05, 0.00162986
2.33276e-05, 0.00162986
1.88249e-05, 0.00162986
1.49229e-05, 0.00162986
1.15846e-05, 0.00153398
8.7717e-06, 0.00162986
6.44436e-06, 0.00162986
4.5612e-06, 0.00162986
3.07927e-06, 0.00153398
1.95407e-06, 0.00162986
1.13951e-06, 0.00153398
5.87892e-07, 0.00153398
2.49907e-07, 0.00153398
7.46089e-08, 0.00153398
9.3967e-09, 0.00153398
0, 0.00153398
0, 0.00153398
0, 0.00162986
0, 0.00153398
0, 0.00153398
0, 0.00153398
0, 0.00153398
0, 0.00153398
0, 0.00153398
0, 0.00153398
0, 0.00143811
0, 0.00153398
0, 0.00153398
0, 0.00153398
0, 0.00153398
0, 0.00153398
0, 0.00153398
0, 0.00153398
0, 0.00153398
0, 0.00153398
0, 0.00153398
0, 0.00153398
0, 0.00153398
0, 0.00153398
0, 0.00153398
0, 0.00153398
0, 0.00153398
0, 0.00153398
0, 0.00153398
0, 0.00143811
0, 0.00153398
0, 0.00143811
0, 0.00153398
0, 0.00153398
0, 0.00153398
0, 0.00143811
0, 0.00143811
0, 0.00153398
0, 0.00153398
0, 0.00143811
0, 0.00153398
0, 0.00153398
0, 0.00153398
0, 0.00153398
0, 0.00143811
0, 0.00153398
0, 0.00153398
0, 0.00153398
0, 0.00143811
0, 0.00153398
0, 0.00143811
0, 0.00153398
0, 0.00143811
0, 0.00143811
0, 0.00143811
0, 0.00143811
0, 0.00153398
0, 0.00143811
0, 0.00143811
0, 0.00143811
0, 0.00143811
0, 0.00143811
0, 0.00143811
0, 0.00153398
0, 0.00143811
0, 0.00143811
0, 0.00143811
0, 0.00153398
0, 0.00153398
0, 0.00153398
0, 0.00143811
0, 0.00143811
0, 0.00143811
0, 0.00143811
0, 0.00153398
0, 0.00143811
0, 0.00153398
0, 0.00143811
0, 0.00143811
0, 0.00143811
0, 0.00143811
0, 0.00143811
0, 0.00143811
0, 0.00143811
0, 0.00143811
0, 0.00143811
0, 0.00143811
0, 0.00143811
0, 0.00143811
0, 0.00143811
0, 0.00143811
0, 0.00153398
0, 0.00143811
0, 0.00143811
0, 0.00143811
0, 0.00143811
0, 0.00143811
0, 0.00153398
0, 0.00143811
0, 0.00143811
0, 0.00143811
0, 0.00143811
0, 0.00143811
0, 0.00143811
0, 0.00143811
0, 0.00153398
0, 0.00143811
0, 0.00143811
0, 0.00143811
0, 0.00143811
0, 0.00143811
0, 0.00143811
0, 0.00143811
0, 0.00143811
0, 0.00143811
0, 0.00143811
0, 0.00143811
0, 0.00143811
0, 0.00143811
0, 0.00143811
0, 0.00143811
0, 0.00143811
0, 0.00143811
0, 0.00143811
0, 0.00143811
0, 0.00143811
0, 0.00143811
0, 0.00143811
0, 0.00143811
0, 0.00143811
0, 0.00143811
0, 0.00143811
0, 0.00143811
0, 0.00143811
0, 0.00143811
0, 0.00143811
0, 0.00143811
0, 0.00143811
0, 0.00143811
0, 0.00143811
0, 0.00143811
0, 0.00143811
0, 0.00143811
0, 0.00143811
0, 0.00134224
0, 0.00143811
0, 0.00134224
0, 0.00143811
0, 0.00143811
0, 0.00143811
0, 0.00143811
0, 0.00143811
0, 0.00143811
0, 0.00143811
0, 0.00143811
0, 0.00143811
0, 0.00143811
0, 0.00143811
0, 0.00143811
0, 0.00143811
0, 0.00143811
0, 0.00143811
0, 0.00134224
0, 0.00143811
0, 0.00143811
0, 0.00134224
0, 0.00143811
0, 0.00143811
0, 0.00143811
0, 0.00134224
0, 0.00134224
0, 0.00143811
0, 0.00143811
0, 0.00143811
0, 0.00143811
0, 0.00143811
0, 0.00143811
0, 0.00143811
0, 0.00143811
0, 0.00134224
0, 0.00134224
0, 0.00143811
0, 0.00134224
0, 0.00134224
0, 0.00143811
0, 0.00143811
0, 0.00143811
0, 0.00134224
0, 0.00143811
0, 0.00143811
0, 0.00134224
0, 0.00143811
0, 0.00143811
0, 0.00134224
0, 0.00134224
0, 0.00143811
0, 0.00143811
0, 0.00143811
4.33066e-07, 0.00143811
3.43851e-06, 0.00134224
1.15175e-05, 0.00143811
2.70942e-05, 0.00134224
5.25167e-05, 0.00143811
9.00575e-05, 0.00143811
0.000141915, 0.00143811
0.000210212, 0.00134224
0.000297002, 0.00134224
0.000404262, 0.00143811
0.0005339, 0.00134224
0.000687752, 0.00143811
0.000867587, 0.00143811
0.0010751, 0.00143811
0.00131192, 0.00134224
0.00157961, 0.00143811
0.00187967, 0.00143811
0.00221352, 0.00153398
0.00258253, 0.00162986
0.002988, 0.00172573
0.00343117, 0.00201335
0.0039132, 0.00210923
0.0044352, 0.00230098
0.00499824, 0.0025886
0.00560329, 0.00335559
0.00625129, 0.00402671
0.00694311, 0.00450608
0.00767955, 0.00488958
0.00846138, 0.00556069
0.0092893, 0.00623181
0.0101639, 0.00719055
0.0110859, 0.0077658
0.0120557, 0.00843691
0.0130738, 0.00901216
0.0141407, 0.00987503
0.0152567, 0.0110255
0.0164222, 0.012176
0.0176374, 0.0128471
0.0189026, 0.0136141
0.0202179, 0.0149563
0.0215835, 0.0163945
0.0229994, 0.0176408
0.0244656, 0.0185037
0.0259823, 0.0196542
0.0275493, 0.0209964
0.0291664, 0.022818
0.0308337, 0.0241603
0.0325508, 0.025119
0.0343176, 0.0261736
0.0361338, 0.0261736
0.037999, 0.0300086
0.039913, 0.0315426
0.0418754, 0.032693
0.0438857, 0.0340353
0.0459434, 0.0359528
0.0480482, 0.0381579
0.0501993, 0.040363
0.0523964, 0.0416093
0.0546387, 0.0434309
0.0569257, 0.0455402
0.0592566, 0.047937
0.0616308, 0.0501421
0.0640476, 0.0515802
0.0665062, 0.0532101
0.0690058, 0.0557987
0.0715456, 0.058579
0.0741248, 0.0607841
0.0767424, 0.0622222
0.0793977, 0.0638521
0.0820896, 0.0668242
0.0848173, 0.0696045
0.0875797, 0.0721931
0.0903759, 0.0732478
0.0932048, 0.0748776
0.0960655, 0.0771786
0.0989569, 0.0808218
0.101878, 0.0836022
0.104827, 0.086766
0.107804, 0.0891629
0.110807, 0.0920391
0.113836, 0.095107
0.116888, 0.0976956
0.119963, 0.0990379
0.12306, 0.100668
0.126177, 0.104023
0.129313, 0.107667
0.132467, 0.111214
0.135638, 0.114474
0.138825, 0.117542
0.142026, 0.12061
0.145239, 0.124157
0.148464, 0.127321
0.1517, 0.130676
0.154945, 0.133936
0.158198, 0.1371
0.161457, 0.140455
0.164721, 0.143619
0.16799, 0.146783
0.171261, 0.149947
0.174533, 0.153015
0.177805, 0.155891
0.181076, 0.159534
0.184345, 0.16289
0.187609, 0.166246
0.190868, 0.169601
0.194121, 0.172861
0.197366, 0.176504
0.200601, 0.179476
0.203827, 0.182928
0.20704, 0.186091
0.210241, 0.189064
0.213427, 0.192994
0.216598, 0.195967
0.219753, 0.19913
0.222889, 0.202294
0.226006, 0.205362
0.229103, 0.207663
0.232178, 0.209485
0.23523, 0.212744
0.238258, 0.215717
0.241262, 0.219168
0.244238, 0.221853
0.247188, 0.224729
0.250109, 0.227701
0.253, 0.230673
0.255861, 0.233549
0.25869, 0.236042
0.261486, 0.237768
0.264249, 0.24026
0.266976, 0.24352
0.269668, 0.246205
0.272323, 0.249177
0.274941, 0.252053
0.27752, 0.25445
0.28006, 0.257422
0.28256, 0.259723
0.285018, 0.261736
0.287435, 0.263174
0.289809, 0.265571
0.29214, 0.267968
0.294427, 0.270748
0.296669, 0.272186
0.298867, 0.27372
0.301018, 0.275638
0.303122, 0.278035
0.30518, 0.280432
0.30719, 0.282349
0.309153, 0.284075
0.311067, 0.286184
0.312932, 0.286855
0.314748, 0.290019
0.316515, 0.291553
0.318232, 0.292895
0.319899, 0.294621
0.321517, 0.296538
0.323084, 0.298264
0.3246, 0.299127
0.326066, 0.300469
0.327482, 0.301907
0.328848, 0.303633
0.330163, 0.304879
0.331428, 0.305838
0.332644, 0.306701
0.333809, 0.307947
0.334925, 0.309386
0.335992, 0.310536
0.33701, 0.311303
0.33798, 0.31207
0.338902, 0.312549
0.339777, 0.314083
0.340604, 0.315234
0.341386, 0.315905
0.342123, 0.31648
0.342815, 0.317247
0.343463, 0.318014
0.344068, 0.318589
0.344631, 0.319069
0.345153, 0.319644
0.345635, 0.320219
0.346078, 0.320795
0.346483, 0.321178
0.346852, 0.32137
0.347186, 0.321657
0.347486, 0.322233
0.347754, 0.322712
0.347991, 0.322808
0.348198, 0.322808
0.348378, 0.323
0.348532, 0.323191
0.348662, 0.323383
0.348769, 0.323767
0.348856, 0.323958
0.348924, 0.324054
0.348976, 0.32415
0.349013, 0.32415
0.349039, 0.32415
0.349054, 0.32415
0.349062, 0.324246
0.349065, 0.324246
0.349066, 0.324246
0.349066, 0.324246
0.349066, 0.32415
0.349066, 0.324246
0.349066, 0.324246
0.349066, 0.324246
0.349066, 0.324246
0.349066, 0.324246
0.349066, 0.324246
0.349066, 0.324246
0.349066, 0.324246
0.349066, 0.324246
0.349066, 0.324246
0.349066, 0.324246
0.349066, 0.324246
0.349066, 0.324246
0.349066, 0.324246
0.349066, 0.324246
0.349066, 0.324246
0.349066, 0.324246
0.349066, 0.324246
0.349066, 0.324246
0.349066, 0.324246
0.349066, 0.324246
0.349066, 0.324246
0.349066, 0.324246
0.349066, 0.324246
0.349066, 0.324246
0.349066, 0.324246
0.349066, 0.324246
0.349066, 0.324246
0.349066, 0.324246
0.349066, 0.324246
0.349066, 0.324246
0.349066, 0.324246
0.349066, 0.324246
0.349066, 0.324246
0.349066, 0.324246
0.349066, 0.324246
0.349066, 0.324246
0.349066, 0.324246
0.349066, 0.324246
0.349066, 0.324246
0.349066, 0.324246
0.349066, 0.324246
0.349066, 0.324246
0.349066, 0.324246
0.349066, 0.324246
0.349066, 0.324246
0.349066, 0.324246
0.349066, 0.324246
0.349066, 0.324246
0.349066, 0.324342
0.349066, 0.324246
0.349066, 0.324246
0.349066, 0.324246
0.349066, 0.324246
0.349066, 0.324246
0.349066, 0.324246
0.349066, 0.324246
0.349066, 0.324246
0.349066, 0.324246
0.349066, 0.324246
0.349066, 0.324246
0.349066, 0.324246
0.349066, 0.324246
0.349066, 0.324342
0.349066, 0.324246
0.349066, 0.324246
0.349066, 0.324246
0.349066, 0.324246
0.349066, 0.324246
0.349066, 0.324246
0.349066, 0.324246
0.349066, 0.324246
0.349066, 0.324246
0.349066, 0.324342
0.349066, 0.324246
0.349066, 0.324246
0.349066, 0.324246
0.349066, 0.324246
0.349066, 0.324246
0.349066, 0.324342
0.349066, 0.324246
0.349066, 0.324246
0.349066, 0.324246
0.349066, 0.324342
0.349066, 0.324246
0.349066, 0.324246
0.349066, 0.324246
0.349066, 0.324342
0.349066, 0.324246
0.349066, 0.324246
0.349066, 0.324342
0.349066, 0.324246
0.349066, 0.324246
0.349066, 0.324246
0.349066, 0.324342
0.349066, 0.324246
0.349066, 0.324342
0.349066, 0.324342
0.349066, 0.324246
0.349066, 0.324342
0.349066, 0.324246
0.349066, 0.324342
0.349066, 0.324246
0.349066, 0.324246
0.349066, 0.324246
0.349066, 0.324246
0.349066, 0.324246
0.349066, 0.324246
0.349066, 0.324342
0.349066, 0.324342
0.349066, 0.324342
0.349066, 0.324246
0.349066, 0.324342
0.349066, 0.324246
0.349066, 0.324342
0.349066, 0.324342
0.349066, 0.324342
0.349066, 0.324342
0.349066, 0.324342
0.349066, 0.324342
0.349066, 0.324246
0.349066, 0.324246
0.349066, 0.324342
0.349066, 0.324342
0.349066, 0.324342
0.349066, 0.324342
0.349066, 0.324342
0.349066, 0.324342
0.349066, 0.324246
0.349066, 0.324342
0.349066, 0.324342
0.349066, 0.324246
0.349066, 0.324342
0.349066, 0.324246
0.349066, 0.324342
0.349066, 0.324342
0.349066, 0.324246
0.349066, 0.324342
0.349066, 0.324342
0.349066, 0.324246
0.349066, 0.324342
0.349066, 0.324246
0.349066, 0.324342
0.349066, 0.324342
0.349066, 0.324342
0.349066, 0.324246
0.349066, 0.324342
0.349066, 0.324246
0.349066, 0.324246
0.349066, 0.324342
0.349066, 0.324246
0.349066, 0.324342
0.349066, 0.324246
0.349066, 0.324246
0.349066, 0.324342
0.349066, 0.324342
0.349066, 0.324342
0.349066, 0.324342
0.349066, 0.324342
0.349066, 0.324246
0.349066, 0.324342
0.349066, 0.324342
0.349066, 0.324342
0.349066, 0.324246
0.349066, 0.324246
0.349066, 0.324342
0.349066, 0.324342
0.349066, 0.324342
0.349066, 0.324342
0.349066, 0.324342
0.349066, 0.324342
0.349066, 0.324342
0.349066, 0.324342
0.349066, 0.324342
0.349066, 0.324246
0.349066, 0.324342
0.349066, 0.324342
0.349066, 0.324342
0.349066, 0.324342
0.349066, 0.324342
0.349066, 0.324246
0.349066, 0.324342
0.349066, 0.324342
0.349066, 0.324246
0.349066, 0.324246
0.349066, 0.324342
0.349066, 0.324342
0.349066, 0.324342
0.349066, 0.324246
0.349066, 0.324342
0.349066, 0.324246
0.349066, 0.324342
0.349066, 0.324342
0.349066, 0.324342
0.349066, 0.324246
0.349066, 0.324246
0.349065, 0.324342
0.349059, 0.324342
0.349043, 0.324342
0.349012, 0.324342
0.348961, 0.324246
0.348886, 0.324342
0.348782, 0.324246
0.348645, 0.324342
0.348472, 0.324342
0.348257, 0.324246
0.347998, 0.324342
0.34769, 0.324246
0.347331, 0.324342
0.346916, 0.32415
0.346442, 0.32415
0.345907, 0.324054
0.345307, 0.323862
0.344639, 0.323383
0.343901, 0.322808
0.34309, 0.322041
0.342204, 0.32137
0.341239, 0.320795
0.340195, 0.320219
0.339069, 0.319165
0.337859, 0.31811
0.336563, 0.316864
0.33518, 0.316097
0.333707, 0.315234
0.332143, 0.313508
0.330487, 0.31207
0.328738, 0.310536
0.326894, 0.309577
0.324954, 0.308139
0.322918, 0.306605
0.320784, 0.304496
0.318552, 0.302387
0.316221, 0.301044
0.313791, 0.299702
0.311261, 0.297593
0.30863, 0.294621
0.305899, 0.292224
0.303067, 0.290594
0.300135, 0.28906
0.297101, 0.285992
0.293967, 0.283116
0.290733, 0.279856
0.287399, 0.277939
0.283964, 0.27583
0.280431, 0.273049
0.276798, 0.268735
0.273068, 0.265188
0.26924, 0.263558
0.265315, 0.262599
0.261295, 0.257326
0.257179, 0.25282
0.25297, 0.248793
0.248667, 0.246396
0.244273, 0.243808
0.239788, 0.239397
0.235215, 0.234987
0.230553, 0.230577
0.225804, 0.228276
0.220971, 0.225687
0.216053, 0.221181
0.211054, 0.215525
0.205975, 0.210635
0.200816, 0.208238
0.195581, 0.205746
0.190271, 0.200952
0.184887, 0.19472
0.179431, 0.189351
0.173906, 0.186858
0.168314, 0.184558
0.162656, 0.178805
0.156935, 0.172765
0.151152, 0.166629
0.14531, 0.164712
0.139411, 0.161835
0.133457, 0.157138
0.127451, 0.149372
0.121394, 0.142948
0.11529, 0.137963
0.10914, 0.130676
0.102946, 0.125403
0.0967121, 0.118692
0.0904395, 0.11294
0.084131, 0.106228
0.0777891, 0.0999007
0.0714162, 0.0929019
0.0650148, 0.0878206
0.0585875, 0.0801507
0.0521369, 0.0741106
0.0456655, 0.0670159
0.0391758, 0.0614553
0.0326704, 0.0544565
0.026152, 0.048704
0.0196232, 0.0431433
0.0130865, 0.0370074
0.00654455, 0.0309673
-2.77556e-17, 0.0232974
-0.00654455, 0.0172573
-0.0130865, 0.0102585
-0.0196232, 0.00431433
-0.026152, -0.0029721
-0.0326704, -0.00939566
-0.0391758, -0.0155316
-0.0456655, -0.0219552
-0.0521369, -0.0291457
-0.0585875, -0.0343229
-0.0650148, -0.041897
-0.0714162, -0.0478411
-0.0777891, -0.0549358
-0.084131, -0.0606883
-0.0904395, -0.0677829
-0.0967121, -0.0741106
-0.102946, -0.0794796
-0.10914, -0.0842733
-0.11529, -0.089834
-0.121394, -0.0962575
-0.127451, -0.102969
-0.133457, -0.108146
-0.139411, -0.112652
-0.14531, -0.118309
-0.151152, -0.125403
-0.156935, -0.13106
-0.162656, -0.136237
-0.168314, -0.140072
-0.173906, -0.145633
-0.179431, -0.150906
-0.184887, -0.157329
-0.190271, -0.161548
-0.195581, -0.166533
-0.200816, -0.171615
-0.205975, -0.175449
-0.211054, -0.18264
-0.216053, -0.186187
-0.220971, -0.189351
-0.225804, -0.194433
-0.230553, -0.199706
-0.235215, -0.204979
-0.239788, -0.208334
-0.244273, -0.208334
-0.248667, -0.208334
-0.25297, -0.208334
-0.257179, -0.208334
-0.261295, -0.230194
-0.265315, -0.234508
-0.26924, -0.238535
-0.273068, -0.242657
-0.276798, -0.24678
-0.280431, -0.249177
-0.283964, -0.252149
-0.287399, -0.252436
-0.290733, -0.259435
-0.293967, -0.262695
-0.297101, -0.265379
-0.300135, -0.267393
-0.303067, -0.270461
-0.305899, -0.273816
-0.30863, -0.276597
-0.311261, -0.278514
-0.313791, -0.280048
-0.316221, -0.282349
-0.318552, -0.285129
-0.320784, -0.287622
-0.322918, -0.288868
-0.324954, -0.290115
-0.326894, -0.292128
-0.328738, -0.294142
-0.330487, -0.296059
-0.332143, -0.297018
-0.333707, -0.298264
-0.33518, -0.299798
-0.336563, -0.301524
-0.337859, -0.302962
-0.339069, -0.303825
-0.340195, -0.304688
-0.341239, -0.305838
-0.342204, -0.307276
-0.34309, -0.308139
-0.343901, -0.30881
-0.344639, -0.30929
-0.345307, -0.310248
-0.345907, -0.310919
-0.346442, -0.311591
-0.346916, -0.311974
-0.347331, -0.312166
-0.34769, -0.312453
-0.347998, -0.312933
-0.348257, -0.313508
-0.348472, -0.313604
-0.348645, -0.3137
-0.348782, -0.3137
-0.348886, -0.313892
-0.348961, -0.314083
-0.349012, -0.314179
-0.349043, -0.314275
-0.349059, -0.314371
-0.349065, -0.314467
-0.349066, -0.314659
-0.349066, -0.314659
-0.349066, -0.314659
-0.349066, -0.314754
-0.349066, -0.314754
-0.349066, -0.314659
-0.349066, -0.314754
-0.349066, -0.314754
-0.349066, -0.314754
-0.349066, -0.314754
-0.349066, -0.314754
-0.349066, -0.314754
-0.349066, -0.314754
-0.349066, -0.314754
-0.349066, -0.314754
-0.349066, -0.314754
-0.349066, -0.314754
-0.349066, -0.314659
-0.349066, -0.314754
-0.349066, -0.314754
-0.349066, -0.314754
-0.349066, -0.314754
-0.349066, -0.314754
-0.349066, -0.314754
-0.349066, -0.314754
-0.349066, -0.314754
-0.349066, -0.314754
-0.349066, -0.314754
-0.349066, -0.314754
-0.349066, -0.314754
-0.349066, -0.314754
-0.349066, -0.314754
-0.349066, -0.314754
-0.349066, -0.314754
-0.349066, -0.314754
-0.349066, -0.314754
-0.349066, -0.31485
-0.349066, -0.314754
-0.349066, -0.314754
-0.349066, -0.314754
-0.349066, -0.314754
-0.349066, -0.314754
-0.349066, -0.314754
-0.349066, -0.314754
-0.349066, -0.314754
-0.349066, -0.314754
-0.349066, -0.314754
-0.349066, -0.314754
-0.349066, -0.314754
-0.349066, -0.314754
-0.349066, -0.314754
-0.349066, -0.31485
-0.349066, -0.314754
-0.349066, -0.314754
-0.349066, -0.314754
-0.349066, -0.314754
-0.349066, -0.314754
-0.349066, -0.314754
-0.349066, -0.314754
-0.349066, -0.314754
-0.349066, -0.314754
-0.349066, -0.314754
-0.349066, -0.314754
-0.349066, -0.314754
-0.349066, -0.314754
-0.349066, -0.314754
-0.349066, -0.314754
-0.349066, -0.314754
-0.349066, -0.314754
-0.349066, -0.314754
-0.349066, -0.314754
-0.349066, -0.314754
-0.349066, -0.314754
-0.349066, -0.31485
-0.349066, -0.314754
-0.349066, -0.314754
-0.349066, -0.314754
-0.349066, -0.314754
-0.349066, -0.314754
-0.349066, -0.31485
-0.349066, -0.31485
-0.349066, -0.31485
-0.349066, -0.31485
-0.349066, -0.314754
-0.349066, -0.314754
-0.349066, -0.314754
-0.349066, -0.314754
-0.349066, -0.314754
-0.349066, -0.314754
-0.349066, -0.314754
-0.349066, -0.314754
-0.349066, -0.314754
-0.349066, -0.31485
-0.349066, -0.31485
-0.349066, -0.314754
-0.349066, -0.314754
-0.349066, -0.314754
-0.349066, -0.31485
-0.349066, -0.314754
-0.349066, -0.314754
-0.349066, -0.314754
-0.349066, -0.314754
-0.349066, -0.314754
-0.349066, -0.31485
-0.349066, -0.314754
-0.349066, -0.314754
-0.349066, -0.314754
-0.349066, -0.314754
-0.349066, -0.314754
-0.349066, -0.314754
-0.349066, -0.31485
-0.349066, -0.314754
-0.349066, -0.314754
-0.349066, -0.314754
-0.349066, -0.31485
-0.349066, -0.314754
-0.349066, -0.314754
-0.349066, -0.314754
-0.349066, -0.314754
-0.349066, -0.314754
-0.349066, -0.314754
-0.349066, -0.31485
-0.349066, -0.31485
-0.349066, -0.31485
-0.349066, -0.314754
-0.349066, -0.314754
-0.349066, -0.314754
-0.349066, -0.314754
-0.349066, -0.314754
-0.349066, -0.31485
-0.349066, -0.314754
-0.349066, -0.314754
-0.349066, -0.31485
-0.349066, -0.314754
-0.349066, -0.314754
-0.349066, -0.314754
-0.349066, -0.314754
-0.349066, -0.31485
-0.349066, -0.31485
-0.349066, -0.314754
-0.349066, -0.314754
-0.349066, -0.31485
-0.349066, -0.314754
-0.349066, -0.314754
-0.349066, -0.314754
-0.349066, -0.31485
-0.349066, -0.31485
-0.349066, -0.314754
-0.349066, -0.314754
-0.349066, -0.31485
-0.349066, -0.314754
-0.349066, -0.31485
-0.349066, -0.31485
-0.349066, -0.314754
-0.349066, -0.314754
-0.349066, -0.314754
-0.349066, -0.31485
-0.349066, -0.31485
-0.349066, -0.314754
-0.349066, -0.314754
-0.349066, -0.314754
-0.349066, -0.314754
-0.349066, -0.314754
-0.349066, -0.314754
-0.349066, -0.31485
-0.349066, -0.314754
-0.349066, -0.314754
-0.349066, -0.31485
-0.349066, -0.31485
-0.349066, -0.31485
-0.349066, -0.31485
-0.349066, -0.31485
-0.349066, -0.31485
-0.349066, -0.314754
-0.349066, -0.314754
-0.349066, -0.314754
-0.349066, -0.314754
-0.349066, -0.31485
-0.349066, -0.31485
-0.349066, -0.314754
-0.349066, -0.314754
-0.349066, -0.314754
-0.349066, -0.31485
-0.349066, -0.314754
-0.349066, -0.314754
-0.349066, -0.314754
-0.349066, -0.31485
-0.349066, -0.31485
-0.349066, -0.314754
-0.349066, -0.31485
-0.349066, -0.31485
-0.349066, -0.314754
-0.349066, -0.31485
-0.349066, -0.31485
-0.349066, -0.31485
-0.349066, -0.314754
-0.349066, -0.31485
-0.349066, -0.314754
-0.349065, -0.314754
-0.349062, -0.31485
-0.349054, -0.31485
-0.349039, -0.314754
-0.349013, -0.31485
-0.348976, -0.314754
-0.348924, -0.314754
-0.348856, -0.31485
-0.348769, -0.314754
-0.348662, -0.314754
-0.348532, -0.314754
-0.348378, -0.31485
-0.348198, -0.31485
-0.347991, -0.31485
-0.347754, -0.314754
-0.347486, -0.314754
-0.347186, -0.314754
-0.346852, -0.314659
-0.346483, -0.314659
-0.346078, -0.314563
-0.345635, -0.314179
-0.345153, -0.313796
-0.344631, -0.313316
-0.344068, -0.313029
-0.343463, -0.312741
-0.342815, -0.31207
-0.342123, -0.311591
-0.341386, -0.311111
-0.340604, -0.31044
-0.339777, -0.309577
-0.338902, -0.308906
-0.33798, -0.308331
-0.33701, -0.30766
-0.335992, -0.306701
-0.334925, -0.305646
-0.333809, -0.304784
-0.332644, -0.304112
-0.331428, -0.30325
-0.330163, -0.302195
-0.328848, -0.300757
-0.327482, -0.299606
-0.326066, -0.298743
-0.3246, -0.297785
-0.323084, -0.296347
-0.321517, -0.294621
-0.319899, -0.293279
-0.318232, -0.29232
-0.316515, -0.291169
-0.314748, -0.289444
-0.312932, -0.287334
-0.311067, -0.286088
-0.309153, -0.285225
-0.30719, -0.283979
-0.30518, -0.282061
-0.303122, -0.27976
-0.301018, -0.278322
-0.298867, -0.276692
-0.296669, -0.275254
-0.294427, -0.273145
-0.29214, -0.270365
-0.289809, -0.268639
-0.287435, -0.267584
-0.285018, -0.266338
-0.28256, -0.264037
-0.28006, -0.260969
-0.27752, -0.258668
-0.274941, -0.257709
-0.272323, -0.256463
-0.269668, -0.253874
-0.266976, -0.250806
-0.264249, -0.24793
-0.261486, -0.246684
-0.25869, -0.245054
-0.255861, -0.242178
-0.253, -0.239302
-0.250109, -0.236521
-0.247188, -0.235275
-0.244238, -0.233549
-0.241262, -0.230673
-0.238258, -0.227221
-0.23523, -0.224345
-0.232178, -0.222907
-0.229103, -0.221181
-0.226006, -0.218401
-0.222889, -0.214758
-0.219753, -0.211306
-0.216598, -0.208238
-0.213427, -0.205362
-0.210241, -0.202582
-0.20704, -0.198843
-0.203827, -0.195679
-0.200601, -0.192515
-0.197366, -0.189351
-0.194121, -0.186475
-0.190868, -0.183215
-0.187609, -0.17938
-0.184345, -0.176121
-0.181076, -0.173053
-0.177805, -0.169505
-0.174533, -0.166246
-0.171261, -0.162986
-0.16799, -0.160206
-0.164721, -0.156658
-0.161457, -0.153303
-0.158198, -0.149851
-0.154945, -0.146208
-0.1517, -0.143236
-0.148464, -0.139976
-0.145239, -0.136908
-0.142026, -0.13384
-0.138825, -0.130676
-0.135638, -0.127512
-0.132467, -0.123869
-0.129313, -0.120705
-0.126177, -0.117733
-0.12306, -0.114665
-0.119963, -0.111022
-0.116888, -0.108242
-0.113836, -0.10479
-0.110807, -0.101914
-0.107804, -0.0994214
-0.104827, -0.097408
-0.101878, -0.0949153
-0.0989569, -0.0916556
-0.0960655, -0.0886835
-0.0932048, -0.0854238
-0.0903759, -0.082931
-0.0875797, -0.0798631
-0.0848173, -0.0772745
-0.0820896, -0.0740148
-0.0793977, -0.0720973
-0.0767424, -0.0703715
-0.0741248, -0.0681664
-0.0715456, -0.0653861
-0.0690058, -0.0628934
-0.0665062, -0.0604965
-0.0640476, -0.0592502
-0.0616308, -0.0566616
-0.0592566, -0.0539771
-0.0569257, -0.0513885
-0.0546387, -0.0495669
-0.0523964, -0.0482246
-0.0501993, -0.0462113
-0.0480482, -0.0437186
-0.0459434, -0.0414176
-0.0438857, -0.0397877
-0.0418754, -0.0383496
-0.039913, -0.036528
-0.037999, -0.0345147
-0.0361338, -0.0325013
-0.0343176, -0.0304879
-0.0325508, -0.0290498
-0.0308337, -0.0270365
-0.0291664, -0.0255025
-0.0275493, -0.023585
-0.0259823, -0.0222428
-0.0244656, -0.0219552
-0.0229994, -0.0192707
-0.0215835, -0.0176408
-0.0202179, -0.0162986
-0.0189026, -0.0153398
-0.0176374, -0.014477
-0.0164222, -0.0132306
-0.0152567, -0.0117925
-0.0141407, -0.0105461
-0.0130738, -0.00977915
-0.0120557, -0.00891629
-0.0110859, -0.00805342
-0.0101639, -0.00680706
-0.0092893, -0.00584832
-0.00846138, -0.00527307
-0.00767955, -0.00469783
-0.00694311, -0.00383496
-0.00625129, -0.00316384
-0.00560329, -0.00239685
-0.00499824, -0.00182161
-0.0044352, -0.00124636
-0.0039132, -0.000671118
-0.00343117, -9.5874e-05
-0.002988, 0.000287622
-0.00258253, 0.00047937
-0.00221352, 0.000671118
-0.00187967, 0.00115049
-0.00157961, 0.00172573
-0.00131192, 0.00201335
-0.0010751, 0.00201335
-0.000867587, 0.0022051
-0.000687752, 0.00230098
-0.0005339, 0.0025886
-0.000404262, 0.00287622
-0.000297002, 0.00316384
-0.000210212, 0.00335559
-0.000141915, 0.00335559
-9.00575e-05, 0.00345147
-5.25167e-05, 0.00345147
-2.70942e-05, 0.00345147
-1.15175e-05, 0.00345147
-3.43851e-06, 0.00345147
-4.33066e-07, 0.00345147
-4.44089e-16, 0.00354734
-4.44089e-16, 0.00354734
-4.44089e-16, 0.00354734
-4.44089e-16, 0.00345147
-4.44089e-16, 0.00354734
-4.44089e-16, 0.00354734
-4.44089e-16, 0.00354734
-4.44089e-16, 0.00354734
-4.44089e-16, 0.00354734
-4.44089e-16, 0.00354734
-4.44089e-16, 0.00345147
-4.44089e-16, 0.00354734
-4.44089e-16, 0.00354734
-4.44089e-16, 0.00354734
-4.44089e-16, 0.00354734
-4.44089e-16, 0.00354734
-4.44089e-16, 0.00354734
-4.44089e-16, 0.00354734
-4.44089e-16, 0.00354734
-4.44089e-16, 0.00354734
-4.44089e-16, 0.00354734
-4.44089e-16, 0.00354734
-4.44089e-16, 0.00354734
-4.44089e-16, 0.00354734
-4.44089e-16, 0.00354734
-4.44089e-16, 0.00354734
-4.44089e-16, 0.00354734
-4.44089e-16, 0.00354734
-4.44089e-16, 0.00354734
-4.44089e-16, 0.00354734
-4.44089e-16, 0.00354734
-4.44089e-16, 0.00354734
-4.44089e-16, 0.00345147
-4.44089e-16, 0.00354734
-4.44089e-16, 0.00354734
-4.44089e-16, 0.00354734
-4.44089e-16, 0.00354734
-4.44089e-16, 0.00354734
-4.44089e-16, 0.00354734
-4.44089e-16, 0.00354734
-4.44089e-16, 0.00354734
-4.44089e-16, 0.00354734
-4.44089e-16, 0.00354734
-4.44089e-16, 0.00364321
-4.44089e-16, 0.00354734
-4.44089e-16, 0.00354734
-4.44089e-16, 0.00354734
-4.44089e-16, 0.00354734
-4.44089e-16, 0.00354734
-4.44089e-16, 0.00354734
-4.44089e-16, 0.00354734
-4.44089e-16, 0.00354734
-4.44089e-16, 0.00354734
-4.44089e-16, 0.00354734
-4.44089e-16, 0.00364321
-4.44089e-16, 0.00354734
-4.44089e-16, 0.00364321
-4.44089e-16, 0.00354734
-4.44089e-16, 0.00354734
-4.44089e-16, 0.00354734
-4.44089e-16, 0.00354734
-4.44089e-16, 0.00354734
-4.44089e-16, 0.00354734
-4.44089e-16, 0.00354734
-4.44089e-16, 0.00364321
-4.44089e-16, 0.00354734
-4.44089e-16, 0.00354734
-4.44089e-16, 0.00354734
-4.44089e-16, 0.00354734
-4.44089e-16, 0.00364321
-4.44089e-16, 0.00354734
-4.44089e-16, 0.00354734
-4.44089e-16, 0.00364321
-4.44089e-16, 0.00354734
-4.44089e-16, 0.00354734
-4.44089e-16, 0.00354734
-4.44089e-16, 0.00364321
-4.44089e-16, 0.00364321
-4.44089e-16, 0.00354734
-4.44089e-16, 0.00364321
-4.44089e-16, 0.00354734
-4.44089e-16, 0.00354734
-4.44089e-16, 0.00364321
-4.44089e-16, 0.00364321
-4.44089e-16, 0.00364321
-4.44089e-16, 0.00354734
-4.44089e-16, 0.00364321
-4.44089e-16, 0.00354734
-4.44089e-16, 0.00364321
-4.44089e-16, 0.00354734
-4.44089e-16, 0.00354734
-4.44089e-16, 0.00364321
-4.44089e-16, 0.00364321
-4.44089e-16, 0.00364321
-4.44089e-16, 0.00364321
-4.44089e-16, 0.00364321
-4.44089e-16, 0.00354734
-4.44089e-16, 0.00354734
-4.44089e-16, 0.00354734
-4.44089e-16, 0.00364321
-4.44089e-16, 0.00354734
-4.44089e-16, 0.00354734
-4.44089e-16, 0.00354734
-4.44089e-16, 0.00364321
-4.44089e-16, 0.00364321
-4.44089e-16, 0.00354734
-4.44089e-16, 0.00364321
-4.44089e-16, 0.00354734
-4.44089e-16, 0.00354734
-4.44089e-16, 0.00364321
-4.44089e-16, 0.00364321
-4.44089e-16, 0.00364321
-4.44089e-16, 0.00364321
-4.44089e-16, 0.00364321
-4.44089e-16, 0.00364321
-4.44089e-16, 0.00364321
-4.44089e-16, 0.00364321
-4.44089e-16, 0.00364321
-4.44089e-16, 0.00364321
-4.44089e-16, 0.00364321
-4.44089e-16, 0.00354734
-4.44089e-16, 0.00364321
-4.44089e-16, 0.00364321
-4.44089e-16, 0.00364321
-4.44089e-16, 0.00364321
-4.44089e-16, 0.00364321
-4.44089e-16, 0.00354734
-4.44089e-16, 0.00364321
-4.44089e-16, 0.00364321
-4.44089e-16, 0.00364321
-4.44089e-16, 0.00364321
-4.44089e-16, 0.00364321
-4.44089e-16, 0.00364321
-4.44089e-16, 0.00364321
-4.44089e-16, 0.00364321
-4.44089e-16, 0.00364321
-4.44089e-16, 0.00364321
-4.44089e-16, 0.00354734
-4.44089e-16, 0.00354734
-4.44089e-16, 0.00364321
-4.44089e-16, 0.00364321
-4.44089e-16, 0.00364321
-4.44089e-16, 0.00364321
-4.44089e-16, 0.00364321
-4.44089e-16, 0.00364321
-4.44089e-16, 0.00364321
-4.44089e-16, 0.00364321
-4.44089e-16, 0.00364321
-4.44089e-16, 0.00364321
-4.44089e-16, 0.00364321
-4.44089e-16, 0.00364321
-4.44089e-16, 0.00364321
-4.44089e-16, 0.00354734
-4.44089e-16, 0.00364321
-4.44089e-16, 0.00364321
-4.44089e-16, 0.00364321
-4.44089e-16, 0.00364321
-4.44089e-16, 0.00364321
-4.44089e-16, 0.00364321
-4.44089e-16, 0.00354734
-4.44089e-16, 0.00364321
-4.44089e-16, 0.00354734
-4.44089e-16, 0.00364321
-4.44089e-16, 0.00364321
-4.44089e-16, 0.00354734
-4.44089e-16, 0.00364321
-4.44089e-16, 0.00364321
-4.44089e-16, 0.00364321
-4.44089e-16, 0.00354734
-4.44089e-16, 0.00364321
-4.44089e-16, 0.00364321
-4.44089e-16, 0.00364321
-4.44089e-16, 0.00364321
-4.44089e-16, 0.00354734
-4.44089e-16, 0.00364321
-4.44089e-16, 0.00364321
-4.44089e-16, 0.00364321
-4.44089e-16, 0.00364321
-4.44089e-16, 0.00364321
-4.44089e-16, 0.00364321
-4.44089e-16, 0.00364321
-4.44089e-16, 0.00364321
-4.44089e-16, 0.00364321
-4.44089e-16, 0.00364321
-4.44089e-16, 0.00364321
-4.44089e-16, 0.00364321
-4.44089e-16, 0.00364321
-4.44089e-16, 0.00373909
-4.44089e-16, 0.00364321
-4.44089e-16, 0.00364321
-4.44089e-16, 0.00364321
-4.44089e-16, 0.00364321
-4.44089e-16, 0.00364321
-4.44089e-16, 0.00364321
-4.44089e-16, 0.00364321
-4.44089e-16, 0.00354734
-4.44089e-16, 0.00364321
0, 0.00364321
0, 0.00364321
9.3967e-09, 0.00354734
7.46089e-08, 0.00354734
2.49907e-07, 0.00364321
5.87892e-07, 0.00364321
1.13951e-06, 0.00364321
1.95407e-06, 0.00364321
3.07927e-06, 0.00364321
4.5612e-06, 0.00364321
6.44436e-06, 0.00364321
8.7717e-06, 0.00364321
1.15846e-05, 0.00364321
1.49229e-05, 0.00364321
1.88249e-05, 0.00364321
2.33276e-05, 0.00364321
2.84661e-05, 0.00364321
3.42745e-05, 0.00364321
4.07852e-05, 0.00364321
4.80292e-05, 0.00364321
5.6036e-05, 0.00364321
6.48339e-05, 0.00364321
7.44496e-05, 0.00364321
8.49087e-05, 0.00364321
9.62353e-05, 0.00364321
0.000108452, 0.00364321
0.00012158, 0.00364321
0.000135641, 0.00364321
0.000150652, 0.00373909
0.000166631, 0.00364321
0.000183596, 0.00373909
0.00020156, 0.00373909
0.000220538, 0.00364321
0.000240542, 0.00364321
0.000261585, 0.00373909
0.000283677, 0.00373909
0.000306826, 0.00373909
0.000331042, 0.00373909
0.00035633, 0.00373909
0.000382698, 0.00373909
0.000410149, 0.00373909
0.000438689, 0.00383496
0.000468319, 0.00383496
0.000499041, 0.00383496
0.000530857, 0.00393084
0.000563765, 0.00393084
0.000597765, 0.00393084
0.000632855, 0.00402671
0.000669031, 0.00412258
0.000706289, 0.00421846
0.000744625, 0.00431433
0.000784032, 0.00421846
0.000824505, 0.00431433
0.000866035, 0.00431433
0.000908614, 0.00431433
0.000952234, 0.00441021
0.000996883, 0.00450608
0.00104255, 0.00450608
0.00108923, 0.00450608
0.0011369, 0.00450608
0.00118555, 0.00460195
0.00123518, 0.00460195
0.00128575, 0.00469783
0.00133727, 0.0047937
0.00138971, 0.0047937
0.00144306, 0.0047937
0.00149729, 0.00488958
0.0015524, 0.00498545
0.00160836, 0.00498545
0.00166516, 0.00508132
0.00172277, 0.00508132
0.00178118, 0.0051772
0.00184037, 0.0051772
0.00190031, 0.0051772
0.00196098, 0.0051772
0.00202236, 0.00527307
0.00208444, 0.00527307
0.00214717, 0.00536895
0.00221055, 0.00536895
0.00227455, 0.00546482
0.00233914, 0.00556069
0.00240431, 0.00575244
0.00247001, 0.00575244
0.00253624, 0.00584832
0.00260297, 0.00594419
0.00267016, 0.00594419
0.00273779, 0.00594419
0.00280584, 0.00604006
0.00287428, 0.00613594
0.00294309, 0.00613594
0.00301223, 0.00632769
0.00308168, 0.00632769
0.00315141, 0.00642356
0.00322139, 0.00642356
0.0032916, 0.00651943
0.00336201, 0.00651943
0.00343258, 0.00661531
0.0035033, 0.00661531
0.00357413, 0.00661531
0.00364505, 0.00661531
0.00371602, 0.00671118
0.00378702, 0.00671118
0.00385803, 0.00680706
0.003929, 0.00680706
0.00399992, 0.00680706
0.00407075, 0.00690293
0.00414147, 0.0069988
0.00421204, 0.0069988
0.00428245, 0.0069988
0.00435266, 0.00709468
0.00442264, 0.00719055
0.00449237, 0.0073823
0.00456182, 0.00747817
0.00463096, 0.00757405
0.00469976, 0.00766992
0.00476821, 0.00766992
0.00483626, 0.0077658
0.00490389, 0.0077658
0.00497108, 0.00786167
0.00503781, 0.00795754
0.00510403, 0.00805342
0.00516974, 0.00805342
0.00523491, 0.00814929
0.0052995, 0.00814929
0.0053635, 0.00824517
0.00542688, 0.00824517
0.00548961, 0.00824517
0.00555169, 0.00834104
0.00561307, 0.00834104
0.00567374, 0.00834104
0.00573368, 0.00834104
0.00579286, 0.00843691
0.00585127, 0.00843691
0.00590889, 0.00843691
0.00596569, 0.00853279
0.00602165, 0.00862866
0.00607676, 0.00862866
0.00613099, 0.00872454
0.00618434, 0.00872454
0.00623678, 0.00882041
0.0062883, 0.00891629
0.00633887, 0.00901216
0.0063885, 0.00920391
0.00643715, 0.00929978
0.00648482, 0.00939566
0.0065315, 0.00939566
0.00657717, 0.00949153
0.00662182, 0.00949153
0.00666543, 0.0095874
0.00670801, 0.0095874
0.00674954, 0.00968328
0.00679002, 0.00977915
0.00682942, 0.00977915
0.00686776, 0.00977915
0.00690502, 0.00987503
0.00694119, 0.00987503
0.00697628, 0.00987503
0.00701028, 0.00987503
0.00704319, 0.00987503
0.00707501, 0.00987503
0.00710573, 0.0099709
0.00713536, 0.00987503
0.0071639, 0.0099709
0.00719135, 0.0099709
0.00721772, 0.0099709
0.00724301, 0.0100668
0.00726722, 0.0099709
0.00729037, 0.0100668
0.00731246, 0.0100668
0.00733351, 0.0100668
0.00735351, 0.0100668
0.00737249, 0.0100668
0.00739045, 0.0100668
0.00740742, 0.0100668
0.0074234, 0.0101626
0.00743841, 0.0100668
0.00745247, 0.0101626
0.0074656, 0.0100668
0.00747781, 0.0101626
0.00748914, 0.0100668
0.0074996, 0.0101626
0.00750921, 0.0101626
0.00751801, 0.0101626
0.00752602, 0.0101626
0.00753326, 0.0101626
0.00753977, 0.0101626
0.00754558, 0.0101626
0.00755072, 0.0101626
0.00755522, 0.0102585
0.00755913, 0.0101626
0.00756246, 0.0102585
0.00756528, 0.0102585
0.0075676, 0.0102585
0.00756949, 0.0102585
0.00757097, 0.0102585
0.00757209, 0.0102585
0.00757291, 0.0102585
0.00757346, 0.0102585
0.0075738, 0.0102585
0.00757397, 0.0102585
0.00757404, 0.0102585
0.00757405, 0.0102585
0.00757405, 0.0102585
0.00757405, 0.0102585
0.00757405, 0.0103544
0.00757405, 0.0102585
0.00757405, 0.0102585
0.00757405, 0.0102585
0.00757405, 0.0102585
0.00757405, 0.0103544
0.00757405, 0.0103544
0.00757405, 0.0103544
0.00757405, 0.0103544
0.00757405, 0.0103544
0.00757405, 0.0103544
0.00757405, 0.0103544
0.00757405, 0.0103544
0.00757405, 0.0102585
0.00757405, 0.0103544
0.00757405, 0.0102585
0.00757405, 0.0103544
0.00757405, 0.0102585
0.00757405, 0.0103544
0.00757405, 0.0103544
0.00757405, 0.0103544
0.00757405, 0.0103544
0.00757405, 0.0103544
0.00757405, 0.0102585
0.00757405, 0.0102585
0.00757405, 0.0103544
0.00757405, 0.0103544
0.00757405, 0.0103544
0.00757405, 0.0103544
0.00757405, 0.0103544
0.00757405, 0.0102585
0.00757405, 0.0103544
0.00757405, 0.0103544
0.00757405, 0.0103544
0.00757405, 0.0103544
0.00757405, 0.0103544
0.00757405, 0.0103544
0.00757405, 0.0103544
0.00757405, 0.0102585
0.00757405, 0.0103544
0.00757405, 0.0103544
0.00757405, 0.0103544
0.00757405, 0.0104503
0.00757405, 0.0103544
0.00757405, 0.0103544
0.00757405, 0.0103544
0.00757405, 0.0103544
0.00757405, 0.0103544
0.00757405, 0.0102585
0.00757405, 0.0103544
0.00757405, 0.0103544
0.00757405, 0.0104503
0.00757405, 0.0103544
0.00757405, 0.0103544
0.00757405, 0.0103544
0.00757405, 0.0103544
0.00757405, 0.0103544
0.00757405, 0.0103544
0.00757405, 0.0103544
0.00757405, 0.0103544
0.00757405, 0.0103544
0.00757405, 0.0104503
0.00757405, 0.0103544
0.00757405, 0.0103544
0.00757405, 0.0103544
0.00757405, 0.0103544
0.00757405, 0.0103544
0.00757405, 0.0103544
0.00757405, 0.0103544
0.00757405, 0.0103544
0.00757405, 0.0103544
0.00757405, 0.0103544
0.00757405, 0.0103544
0.00757405, 0.0103544
0.00757405, 0.0103544
0.00757405, 0.0103544
0.00757405, 0.0103544
0.00757405, 0.0104503
0.00757405, 0.0103544
0.00757405, 0.0104503
0.00757405, 0.0103544
0.00757405, 0.0103544
0.00757405, 0.0103544
0.00757405, 0.0104503
0.00757405, 0.0103544
0.00757405, 0.0103544
0.00757405, 0.0104503
0.00757405, 0.0103544
0.00757405, 0.0103544
0.00757405, 0.0103544
0.00757405, 0.0104503
0.00757405, 0.0103544
0.00757405, 0.0104503
0.00757405, 0.0103544
0.00757405, 0.0103544
0.00757405, 0.0104503
0.00757405, 0.0104503
0.00757405, 0.0103544
0.00757405, 0.0104503
0.00757405, 0.0104503
0.00757405, 0.0104503
0.00757405, 0.0104503
0.00757405, 0.0103544
0.00757405, 0.0103544
0.00757405, 0.0104503
0.00757405, 0.0103544
0.00757405, 0.0103544
0.00757405, 0.0103544
0.00757405, 0.0104503
0.00757405, 0.0104503
0.00757405, 0.0104503
0.00757405, 0.0104503
0.00757405, 0.0104503
0.00757405, 0.0104503
0.00757405, 0.0104503
0.00757405, 0.0104503
0.00757405, 0.0104503
0.00757405, 0.0104503
0.00757405, 0.0104503
0.00757405, 0.0104503
0.00757405, 0.0104503
0.00757405, 0.0104503
0.00757405, 0.0104503
0.00757405, 0.0104503
0.00757405, 0.0104503
0.00757405, 0.0104503
0.00757405, 0.0104503
0.00757405, 0.0104503
0.00757405, 0.0104503
0.00757405, 0.0104503
0.00757405, 0.0104503
0.00757405, 0.0104503
0.00757405, 0.0104503
0.00757405, 0.0104503
0.00757405, 0.0104503
0.00757405, 0.0104503
0.00757405, 0.0104503
0.00757405, 0.0104503
0.00757405, 0.0104503
0.00757405, 0.0104503
0.00757405, 0.0103544
0.00757405, 0.0104503
0.00757405, 0.0104503
0.00757405, 0.0104503
0.00757405, 0.0104503
0.00757405, 0.0104503
0.00757405, 0.0104503
0.00757405, 0.0104503
0.00757405, 0.0104503
0.00757405, 0.0104503
0.00757405, 0.0104503
0.00757405, 0.0104503
0.00757405, 0.0104503
0.00757405, 0.0104503
0.00757405, 0.0104503
0.00757405, 0.0104503
0.00757405, 0.0104503
0.00757405, 0.0104503
0.00757405, 0.0104503
0.00757405, 0.0104503
0.00757405, 0.0104503
0.00757405, 0.0104503
0.00757405, 0.0104503
0.00757405, 0.0104503
0.00757405, 0.0104503
0.00757405, 0.0105461
0.00757405, 0.0104503
0.00757405, 0.0104503
0.00757405, 0.0104503
0.00757405, 0.0104503
0.00757405, 0.0104503
0.00757405, 0.0104503
0.00757405, 0.0104503
0.00757405, 0.0104503
0.00757405, 0.0104503
0.00757405, 0.0104503
0.00757405, 0.0104503
0.00757405, 0.0104503
0.00757405, 0.0104503
0.00757405, 0.0104503
0.00757405, 0.0104503
0.00757405, 0.0104503
0.00757405, 0.0104503
0.00757405, 0.0104503
0.00757405, 0.0104503
0.00757405, 0.0104503
0.00757405, 0.0104503
0.00757405, 0.0105461
0.00757405, 0.0104503
0.00757405, 0.0104503
0.00757405, 0.0104503
0.00757405, 0.0104503
0.00757405, 0.0104503
