desired_joint, measured_joint
0.00584832, 0.00584832
0.00584832, 0.00584832
0.00584831, 0.00584832
0.00584826, 0.00584832
0.00584812, 0.00584832
0.00584786, 0.00584832
0.00584744, 0.00584832
0.00584681, 0.00584832
0.00584594, 0.00584832
0.00584479, 0.00575244
0.00584334, 0.00584832
0.00584154, 0.00584832
0.00583937, 0.00584832
0.00583679, 0.00584832
0.00583378, 0.00584832
0.0058303, 0.00584832
0.00582634, 0.00584832
0.00582185, 0.00575244
0.00581682, 0.00584832
0.00581123, 0.00584832
0.00580505, 0.00584832
0.00579825, 0.00584832
0.00579083, 0.00584832
0.00578275, 0.00584832
0.00577401, 0.00584832
0.00576457, 0.00584832
0.00575444, 0.00584832
0.00574358, 0.00584832
0.00573199, 0.00575244
0.00571965, 0.00584832
0.00570655, 0.00584832
0.00569268, 0.00584832
0.00567803, 0.00575244
0.00566258, 0.00584832
0.00564633, 0.00584832
0.00562927, 0.00584832
0.0056114, 0.00584832
0.0055927, 0.00584832
0.00557318, 0.00584832
0.00555282, 0.00584832
0.00553162, 0.00584832
0.00550958, 0.00584832
0.0054867, 0.00584832
0.00546298, 0.00584832
0.00543841, 0.00584832
0.005413, 0.00584832
0.00538675, 0.00584832
0.00535966, 0.00584832
0.00533172, 0.00584832
0.00530295, 0.00584832
0.00527335, 0.00584832
0.00524292, 0.00575244
0.00521167, 0.00575244
0.00517961, 0.00575244
0.00514673, 0.00575244
0.00511305, 0.00575244
0.00507857, 0.00575244
0.00504331, 0.00565657
0.00500727, 0.00565657
0.00497046, 0.00556069
0.00493289, 0.00556069
0.00489457, 0.00556069
0.00485552, 0.00556069
0.00481574, 0.00536895
0.00477525, 0.00536895
0.00473406, 0.00536895
0.00469218, 0.00527307
0.00464963, 0.00527307
0.00460642, 0.00527307
0.00456256, 0.0051772
0.00451807, 0.0051772
0.00447297, 0.0051772
0.00442727, 0.00508132
0.00438099, 0.0051772
0.00433414, 0.00508132
0.00428674, 0.0051772
0.00423882, 0.00508132
0.00419037, 0.00508132
0.00414143, 0.00508132
0.00409202, 0.00498545
0.00404214, 0.00498545
0.00399183, 0.00498545
0.00394109, 0.00488958
0.00388995, 0.00488958
0.00383843, 0.0047937
0.00378655, 0.00469783
0.00373432, 0.0047937
0.00368178, 0.00469783
0.00362893, 0.00460195
0.0035758, 0.00450608
0.00352242, 0.00450608
0.00346879, 0.00441021
0.00341495, 0.00450608
0.00336091, 0.00441021
0.0033067, 0.00431433
0.00325234, 0.00431433
0.00319784, 0.00431433
0.00314324, 0.00421846
0.00308854, 0.00412258
0.00303378, 0.00402671
0.00297898, 0.00393084
0.00292416, 0.00383496
0.00286933, 0.00373909
0.00281453, 0.00373909
0.00275977, 0.00364321
0.00270508, 0.00364321
0.00265047, 0.00364321
0.00259598, 0.00364321
0.00254161, 0.00354734
0.0024874, 0.00354734
0.00243336, 0.00354734
0.00237952, 0.00354734
0.0023259, 0.00354734
0.00227251, 0.00354734
0.00221938, 0.00345147
0.00216654, 0.00345147
0.00211399, 0.00345147
0.00206177, 0.00335559
0.00200988, 0.00335559
0.00195836, 0.00335559
0.00190723, 0.00325972
0.00185649, 0.00335559
0.00180617, 0.00325972
0.0017563, 0.00316384
0.00170688, 0.00306797
0.00165794, 0.00306797
0.0016095, 0.00306797
0.00156157, 0.0029721
0.00151417, 0.0029721
0.00146733, 0.00287622
0.00142104, 0.00278035
0.00137534, 0.00278035
0.00133024, 0.00268447
0.00128576, 0.00249272
0.0012419, 0.0025886
0.00119869, 0.00249272
0.00115614, 0.00249272
0.00111426, 0.00230098
0.00107307, 0.00210923
0.00103257, 0.00210923
0.000992797, 0.00210923
0.000953743, 0.00201335
0.000915427, 0.00201335
0.000877859, 0.00201335
0.000841049, 0.00201335
0.000805008, 0.00201335
0.000769745, 0.00201335
0.000735269, 0.00191748
0.000701588, 0.00191748
0.000668711, 0.00191748
0.000636643, 0.00191748
0.000605392, 0.00191748
0.000574963, 0.00191748
0.000545362, 0.00191748
0.000516593, 0.00182161
0.00048866, 0.00182161
0.000461565, 0.00182161
0.000435312, 0.00191748
0.000409902, 0.00182161
0.000385336, 0.00191748
0.000361613, 0.00182161
0.000338734, 0.00182161
0.000316698, 0.00182161
0.000295501, 0.00182161
0.000275141, 0.00182161
0.000255614, 0.00172573
0.000236916, 0.00172573
0.000219041, 0.00172573
0.000201983, 0.00172573
0.000185735, 0.00172573
0.000170289, 0.00162986
0.000155635, 0.00172573
0.000141764, 0.00162986
0.000128665, 0.00172573
0.000116326, 0.00162986
0.000104735, 0.00162986
9.38786e-05, 0.00153398
8.37414e-05, 0.00162986
7.43082e-05, 0.00153398
6.55624e-05, 0.00153398
5.74864e-05, 0.00162986
5.00616e-05, 0.00153398
4.32683e-05, 0.00153398
3.70858e-05, 0.00153398
3.14924e-05, 0.00153398
2.64652e-05, 0.00153398
2.19802e-05, 0.00153398
1.80124e-05, 0.00153398
1.45357e-05, 0.00143811
1.15227e-05, 0.00143811
8.94506e-06, 0.00143811
6.77308e-06, 0.00143811
4.97603e-06, 0.00143811
3.52194e-06, 0.00143811
2.37767e-06, 0.00143811
1.50884e-06, 0.00143811
8.79875e-07, 0.00143811
4.53942e-07, 0.00143811
1.92966e-07, 0.00143811
5.76094e-08, 0.00143811
7.25568e-09, 0.00143811
6.93889e-18, 0.00143811
6.93889e-18, 0.00143811
6.93889e-18, 0.00143811
6.93889e-18, 0.00143811
6.93889e-18, 0.00134224
6.93889e-18, 0.00143811
6.93889e-18, 0.00134224
6.93889e-18, 0.00134224
6.93889e-18, 0.00143811
6.93889e-18, 0.00134224
6.93889e-18, 0.00134224
6.93889e-18, 0.00134224
6.93889e-18, 0.00134224
6.93889e-18, 0.00134224
6.93889e-18, 0.00134224
6.93889e-18, 0.00134224
6.93889e-18, 0.00134224
6.93889e-18, 0.00134224
6.93889e-18, 0.00134224
6.93889e-18, 0.00134224
6.93889e-18, 0.00134224
6.93889e-18, 0.00134224
6.93889e-18, 0.00134224
6.93889e-18, 0.00134224
6.93889e-18, 0.00143811
6.93889e-18, 0.00134224
6.93889e-18, 0.00143811
6.93889e-18, 0.00134224
6.93889e-18, 0.00134224
6.93889e-18, 0.00134224
6.93889e-18, 0.00134224
6.93889e-18, 0.00134224
6.93889e-18, 0.00134224
6.93889e-18, 0.00134224
6.93889e-18, 0.00134224
6.93889e-18, 0.00134224
6.93889e-18, 0.00134224
6.93889e-18, 0.00134224
6.93889e-18, 0.00134224
6.93889e-18, 0.00134224
6.93889e-18, 0.00134224
6.93889e-18, 0.00134224
6.93889e-18, 0.00134224
6.93889e-18, 0.00134224
6.93889e-18, 0.00134224
6.93889e-18, 0.00134224
6.93889e-18, 0.00134224
6.93889e-18, 0.00134224
6.93889e-18, 0.00134224
6.93889e-18, 0.00134224
6.93889e-18, 0.00134224
6.93889e-18, 0.00134224
6.93889e-18, 0.00124636
6.93889e-18, 0.00134224
6.93889e-18, 0.00134224
6.93889e-18, 0.00134224
6.93889e-18, 0.00134224
6.93889e-18, 0.00134224
6.93889e-18, 0.00134224
6.93889e-18, 0.00134224
6.93889e-18, 0.00134224
6.93889e-18, 0.00134224
6.93889e-18, 0.00134224
6.93889e-18, 0.00134224
6.93889e-18, 0.00134224
6.93889e-18, 0.00134224
6.93889e-18, 0.00134224
6.93889e-18, 0.00134224
6.93889e-18, 0.00134224
6.93889e-18, 0.00124636
6.93889e-18, 0.00134224
6.93889e-18, 0.00134224
6.93889e-18, 0.00134224
6.93889e-18, 0.00134224
6.93889e-18, 0.00134224
6.93889e-18, 0.00134224
6.93889e-18, 0.00134224
6.93889e-18, 0.00134224
6.93889e-18, 0.00134224
6.93889e-18, 0.00134224
6.93889e-18, 0.00134224
6.93889e-18, 0.00124636
6.93889e-18, 0.00134224
6.93889e-18, 0.00134224
6.93889e-18, 0.00134224
6.93889e-18, 0.00134224
6.93889e-18, 0.00134224
6.93889e-18, 0.00134224
6.93889e-18, 0.00134224
6.93889e-18, 0.00134224
6.93889e-18, 0.00134224
6.93889e-18, 0.00134224
6.93889e-18, 0.00134224
6.93889e-18, 0.00124636
6.93889e-18, 0.00134224
6.93889e-18, 0.00134224
6.93889e-18, 0.00134224
6.93889e-18, 0.00134224
6.93889e-18, 0.00134224
6.93889e-18, 0.00134224
6.93889e-18, 0.00134224
6.93889e-18, 0.00134224
6.93889e-18, 0.00134224
6.93889e-18, 0.00134224
6.93889e-18, 0.00124636
6.93889e-18, 0.00124636
6.93889e-18, 0.00134224
6.93889e-18, 0.00134224
6.93889e-18, 0.00134224
6.93889e-18, 0.00134224
6.93889e-18, 0.00134224
6.93889e-18, 0.00134224
6.93889e-18, 0.00134224
6.93889e-18, 0.00124636
6.93889e-18, 0.00124636
6.93889e-18, 0.00124636
6.93889e-18, 0.00124636
6.93889e-18, 0.00134224
6.93889e-18, 0.00134224
6.93889e-18, 0.00124636
6.93889e-18, 0.00124636
6.93889e-18, 0.00124636
6.93889e-18, 0.00134224
6.93889e-18, 0.00124636
6.93889e-18, 0.00124636
6.93889e-18, 0.00134224
6.93889e-18, 0.00124636
6.93889e-18, 0.00124636
6.93889e-18, 0.00134224
6.93889e-18, 0.00124636
6.93889e-18, 0.00134224
6.93889e-18, 0.00124636
6.93889e-18, 0.00124636
6.93889e-18, 0.00124636
6.93889e-18, 0.00124636
6.93889e-18, 0.00124636
6.93889e-18, 0.00124636
6.93889e-18, 0.00124636
6.93889e-18, 0.00124636
6.93889e-18, 0.00124636
6.93889e-18, 0.00124636
6.93889e-18, 0.00124636
6.93889e-18, 0.00124636
6.93889e-18, 0.00124636
6.93889e-18, 0.00124636
6.93889e-18, 0.00124636
6.93889e-18, 0.00124636
6.93889e-18, 0.00124636
6.93889e-18, 0.00124636
6.93889e-18, 0.00124636
6.93889e-18, 0.00134224
6.93889e-18, 0.00134224
6.93889e-18, 0.00124636
6.93889e-18, 0.00134224
6.93889e-18, 0.00134224
6.93889e-18, 0.00134224
6.93889e-18, 0.00124636
6.93889e-18, 0.00124636
6.93889e-18, 0.00124636
6.93889e-18, 0.00124636
6.93889e-18, 0.00124636
6.93889e-18, 0.00124636
6.93889e-18, 0.00124636
6.93889e-18, 0.00124636
6.93889e-18, 0.00124636
6.93889e-18, 0.00124636
6.93889e-18, 0.00124636
6.93889e-18, 0.00124636
6.93889e-18, 0.00124636
6.93889e-18, 0.00134224
6.93889e-18, 0.00134224
6.93889e-18, 0.00124636
6.93889e-18, 0.00124636
6.93889e-18, 0.00124636
6.93889e-18, 0.00124636
6.93889e-18, 0.00124636
6.93889e-18, 0.00124636
6.93889e-18, 0.00124636
6.93889e-18, 0.00124636
6.93889e-18, 0.00124636
6.93889e-18, 0.00124636
6.93889e-18, 0.00124636
6.93889e-18, 0.00124636
6.93889e-18, 0.00124636
6.93889e-18, 0.00124636
6.93889e-18, 0.00124636
6.93889e-18, 0.00124636
6.93889e-18, 0.00124636
6.93889e-18, 0.00124636
6.93889e-18, 0.00115049
6.93889e-18, 0.00124636
6.93889e-18, 0.00124636
6.93889e-18, 0.00124636
6.93889e-18, 0.00124636
6.93889e-18, 0.00124636
6.93889e-18, 0.00124636
0, 0.00115049
0, 0.00124636
4.33066e-07, 0.00124636
3.43851e-06, 0.00124636
1.15175e-05, 0.00124636
2.70942e-05, 0.00124636
5.25167e-05, 0.00124636
9.00575e-05, 0.00124636
0.000141915, 0.00124636
0.000210212, 0.00124636
0.000297002, 0.00124636
0.000404262, 0.00124636
0.0005339, 0.00134224
0.000687752, 0.00124636
0.000867587, 0.00124636
0.0010751, 0.00124636
0.00131192, 0.00124636
0.00157961, 0.00124636
0.00187967, 0.00134224
0.00221352, 0.00143811
0.00258253, 0.00153398
0.002988, 0.00162986
0.00343117, 0.00162986
0.0039132, 0.00210923
0.0044352, 0.00230098
0.00499824, 0.00268447
0.00560329, 0.00335559
0.00625129, 0.00383496
0.00694311, 0.00421846
0.00767955, 0.00469783
0.00846138, 0.00556069
0.0092893, 0.00623181
0.0101639, 0.00671118
0.0110859, 0.00728643
0.0120557, 0.00805342
0.0130738, 0.00920391
0.0141407, 0.0099709
0.0152567, 0.0105461
0.0164222, 0.0112173
0.0176374, 0.0125595
0.0189026, 0.01371
0.0202179, 0.0147646
0.0215835, 0.0153398
0.0229994, 0.0162027
0.0244656, 0.0177367
0.0259823, 0.0193666
0.0275493, 0.020517
0.0291664, 0.0210923
0.0308337, 0.0221469
0.0325508, 0.0237768
0.0343176, 0.0255984
0.0361338, 0.0272282
0.037999, 0.0278993
0.039913, 0.028954
0.0418754, 0.0311591
0.0438857, 0.0333642
0.0459434, 0.034994
0.0480482, 0.036528
0.0501993, 0.0381579
0.0523964, 0.040363
0.0546387, 0.0428557
0.0569257, 0.044869
0.0592566, 0.0459237
0.0616308, 0.0474576
0.0640476, 0.0495669
0.0665062, 0.0526348
0.0690058, 0.0551276
0.0715456, 0.0577162
0.0741248, 0.0599213
0.0767424, 0.0625099
0.0793977, 0.0649067
0.0820896, 0.0679747
0.0848173, 0.070755
0.0875797, 0.0733436
0.0903759, 0.0759322
0.0932048, 0.0785208
0.0960655, 0.0813012
0.0989569, 0.084465
0.101878, 0.0868619
0.104827, 0.0897381
0.107804, 0.0929019
0.110807, 0.0959699
0.113836, 0.098942
0.116888, 0.101626
0.119963, 0.10527
0.12306, 0.108146
0.126177, 0.111502
0.129313, 0.114474
0.132467, 0.118021
0.135638, 0.120897
0.138825, 0.124253
0.142026, 0.127321
0.145239, 0.130485
0.148464, 0.133648
0.1517, 0.137004
0.154945, 0.140264
0.158198, 0.143044
0.161457, 0.1464
0.164721, 0.14918
0.16799, 0.152344
0.171261, 0.155891
0.174533, 0.158384
0.177805, 0.160493
0.181076, 0.163369
0.184345, 0.166917
0.187609, 0.170656
0.190868, 0.174299
0.194121, 0.177367
0.197366, 0.180531
0.200601, 0.183791
0.203827, 0.18705
0.20704, 0.19031
0.210241, 0.19357
0.213427, 0.196925
0.216598, 0.200185
0.219753, 0.202965
0.222889, 0.205554
0.226006, 0.207663
0.229103, 0.210635
0.232178, 0.213607
0.23523, 0.217155
0.238258, 0.219168
0.241262, 0.219456
0.244238, 0.223578
0.247188, 0.227221
0.250109, 0.230194
0.253, 0.232495
0.255861, 0.234508
0.25869, 0.236617
0.261486, 0.240452
0.264249, 0.243328
0.266976, 0.245725
0.269668, 0.247451
0.272323, 0.250327
0.274941, 0.253012
0.27752, 0.25608
0.28006, 0.258093
0.28256, 0.260106
0.285018, 0.262503
0.287435, 0.265188
0.289809, 0.267776
0.29214, 0.269598
0.294427, 0.271132
0.296669, 0.272953
0.298867, 0.275638
0.301018, 0.277939
0.303122, 0.279665
0.30518, 0.281199
0.30719, 0.283212
0.309153, 0.285034
0.311067, 0.28743
0.312932, 0.288773
0.314748, 0.290402
0.316515, 0.292512
0.318232, 0.294237
0.319899, 0.295963
0.321517, 0.29673
0.323084, 0.298072
0.3246, 0.299606
0.326066, 0.301524
0.327482, 0.30277
0.328848, 0.303729
0.330163, 0.304592
0.331428, 0.306126
0.332644, 0.307564
0.333809, 0.308714
0.334925, 0.309481
0.335992, 0.310248
0.33701, 0.311303
0.33798, 0.312549
0.338902, 0.313316
0.339777, 0.313987
0.340604, 0.314754
0.341386, 0.315521
0.342123, 0.316384
0.342815, 0.31696
0.343463, 0.317535
0.344068, 0.317918
0.344631, 0.318494
0.345153, 0.319165
0.345635, 0.31974
0.346078, 0.319932
0.346483, 0.320411
0.346852, 0.32089
0.347186, 0.321274
0.347486, 0.32137
0.347754, 0.321562
0.347991, 0.321945
0.348198, 0.322328
0.348378, 0.322616
0.348532, 0.322616
0.348662, 0.322616
0.348769, 0.322616
0.348856, 0.322712
0.348924, 0.322808
0.348976, 0.323
0.349013, 0.323
0.349039, 0.323095
0.349054, 0.323191
0.349062, 0.323383
0.349065, 0.323383
0.349066, 0.323479
0.349066, 0.323575
0.349066, 0.323575
0.349066, 0.323575
0.349066, 0.323575
0.349066, 0.323575
0.349066, 0.323575
0.349066, 0.323575
0.349066, 0.323575
0.349066, 0.323575
0.349066, 0.323575
0.349066, 0.323575
0.349066, 0.323575
0.349066, 0.323671
0.349066, 0.323575
0.349066, 0.323575
0.349066, 0.323575
0.349066, 0.323671
0.349066, 0.323671
0.349066, 0.323575
0.349066, 0.323575
0.349066, 0.323575
0.349066, 0.323575
0.349066, 0.323671
0.349066, 0.323671
0.349066, 0.323575
0.349066, 0.323575
0.349066, 0.323671
0.349066, 0.323575
0.349066, 0.323671
0.349066, 0.323671
0.349066, 0.323671
0.349066, 0.323671
0.349066, 0.323575
0.349066, 0.323575
0.349066, 0.323671
0.349066, 0.323575
0.349066, 0.323671
0.349066, 0.323671
0.349066, 0.323671
0.349066, 0.323671
0.349066, 0.323671
0.349066, 0.323575
0.349066, 0.323671
0.349066, 0.323671
0.349066, 0.323671
0.349066, 0.323671
0.349066, 0.323671
0.349066, 0.323671
0.349066, 0.323671
0.349066, 0.323671
0.349066, 0.323671
0.349066, 0.323671
0.349066, 0.323671
0.349066, 0.323671
0.349066, 0.323671
0.349066, 0.323671
0.349066, 0.323671
0.349066, 0.323671
0.349066, 0.323671
0.349066, 0.323671
0.349066, 0.323671
0.349066, 0.323671
0.349066, 0.323671
0.349066, 0.323671
0.349066, 0.323671
0.349066, 0.323671
0.349066, 0.323671
0.349066, 0.323671
0.349066, 0.323671
0.349066, 0.323671
0.349066, 0.323671
0.349066, 0.323671
0.349066, 0.323671
0.349066, 0.323671
0.349066, 0.323671
0.349066, 0.323671
0.349066, 0.323671
0.349066, 0.323671
0.349066, 0.323671
0.349066, 0.323671
0.349066, 0.323671
0.349066, 0.323671
0.349066, 0.323671
0.349066, 0.323671
0.349066, 0.323671
0.349066, 0.323671
0.349066, 0.323671
0.349066, 0.323671
0.349066, 0.323671
0.349066, 0.323671
0.349066, 0.323671
0.349066, 0.323671
0.349066, 0.323671
0.349066, 0.323671
0.349066, 0.323671
0.349066, 0.323671
0.349066, 0.323671
0.349066, 0.323671
0.349066, 0.323671
0.349066, 0.323671
0.349066, 0.323671
0.349066, 0.323671
0.349066, 0.323671
0.349066, 0.323671
0.349066, 0.323671
0.349066, 0.323671
0.349066, 0.323671
0.349066, 0.323671
0.349066, 0.323671
0.349066, 0.323671
0.349066, 0.323671
0.349066, 0.323671
0.349066, 0.323671
0.349066, 0.323671
0.349066, 0.323671
0.349066, 0.323671
0.349066, 0.323671
0.349066, 0.323671
0.349066, 0.323671
0.349066, 0.323671
0.349066, 0.323671
0.349066, 0.323671
0.349066, 0.323671
0.349066, 0.323671
0.349066, 0.323671
0.349066, 0.323671
0.349066, 0.323671
0.349066, 0.323671
0.349066, 0.323671
0.349066, 0.323671
0.349066, 0.323671
0.349066, 0.323671
0.349066, 0.323671
0.349066, 0.323671
0.349066, 0.323671
0.349066, 0.323671
0.349066, 0.323671
0.349066, 0.323671
0.349066, 0.323671
0.349066, 0.323671
0.349066, 0.323671
0.349066, 0.323671
0.349066, 0.323671
0.349066, 0.323671
0.349066, 0.323671
0.349066, 0.323671
0.349066, 0.323767
0.349066, 0.323671
0.349066, 0.323671
0.349066, 0.323671
0.349066, 0.323671
0.349066, 0.323671
0.349066, 0.323671
0.349066, 0.323671
0.349066, 0.323767
0.349066, 0.323767
0.349066, 0.323671
0.349066, 0.323671
0.349066, 0.323671
0.349066, 0.323671
0.349066, 0.323671
0.349066, 0.323671
0.349066, 0.323671
0.349066, 0.323671
0.349066, 0.323671
0.349066, 0.323767
0.349066, 0.323671
0.349066, 0.323671
0.349066, 0.323671
0.349066, 0.323671
0.349066, 0.323671
0.349066, 0.323671
0.349066, 0.323671
0.349066, 0.323671
0.349066, 0.323671
0.349066, 0.323671
0.349066, 0.323671
0.349066, 0.323671
0.349066, 0.323767
0.349066, 0.323671
0.349066, 0.323671
0.349066, 0.323671
0.349066, 0.323671
0.349066, 0.323767
0.349066, 0.323767
0.349066, 0.323767
0.349066, 0.323671
0.349066, 0.323671
0.349066, 0.323671
0.349066, 0.323671
0.349066, 0.323671
0.349066, 0.323671
0.349066, 0.323671
0.349066, 0.323767
0.349066, 0.323767
0.349066, 0.323671
0.349066, 0.323671
0.349066, 0.323671
0.349065, 0.323671
0.349059, 0.323671
0.349043, 0.323671
0.349012, 0.323671
0.348961, 0.323671
0.348886, 0.323671
0.348782, 0.323671
0.348645, 0.323767
0.348472, 0.323671
0.348257, 0.323671
0.347998, 0.323671
0.34769, 0.323671
0.347331, 0.323671
0.346916, 0.323671
0.346442, 0.323479
0.345907, 0.323383
0.345307, 0.322904
0.344639, 0.322328
0.343901, 0.321753
0.34309, 0.321466
0.342204, 0.320603
0.341239, 0.319836
0.340195, 0.318781
0.339069, 0.318685
0.337859, 0.317151
0.336563, 0.316288
0.33518, 0.314946
0.333707, 0.313508
0.332143, 0.312262
0.330487, 0.311207
0.328738, 0.309865
0.326894, 0.308235
0.324954, 0.306509
0.322918, 0.304688
0.320784, 0.303537
0.318552, 0.302291
0.316221, 0.300277
0.313791, 0.297785
0.311261, 0.295388
0.30863, 0.293758
0.305899, 0.292032
0.303067, 0.289252
0.300135, 0.286184
0.297101, 0.2835
0.293967, 0.281486
0.290733, 0.278802
0.287399, 0.276021
0.283964, 0.272953
0.280431, 0.269118
0.276798, 0.266817
0.273068, 0.264421
0.26924, 0.260586
0.265315, 0.256942
0.261295, 0.252532
0.257179, 0.250231
0.25297, 0.247739
0.248667, 0.244095
0.244273, 0.239014
0.239788, 0.234891
0.235215, 0.232111
0.230553, 0.229427
0.225804, 0.225208
0.220971, 0.21936
0.216053, 0.21495
0.211054, 0.212361
0.205975, 0.209868
0.200816, 0.20517
0.195581, 0.199226
0.190271, 0.193666
0.184887, 0.190693
0.179431, 0.188201
0.173906, 0.183024
0.168314, 0.177463
0.162656, 0.171039
0.156935, 0.167875
0.151152, 0.16452
0.14531, 0.159343
0.139411, 0.152823
0.133457, 0.146591
0.127451, 0.142948
0.121394, 0.139784
0.11529, 0.134128
0.10914, 0.1278
0.102946, 0.120322
0.0967121, 0.11735
0.0904395, 0.114378
0.084131, 0.107667
0.0777891, 0.101051
0.0714162, 0.0940524
0.0650148, 0.0911762
0.0585875, 0.087533
0.0521369, 0.0823558
0.0456655, 0.0740148
0.0391758, 0.0673036
0.0326704, 0.0643315
0.026152, 0.0611676
0.0196232, 0.0559904
0.0130865, 0.0474576
0.00654455, 0.0413217
-2.77556e-17, 0.038062
-0.00654455, 0.0350899
-0.0130865, 0.0292416
-0.0196232, 0.020517
-0.026152, 0.012943
-0.0326704, 0.00623181
-0.0391758, 0
-0.0456655, -0.00613594
-0.0521369, -0.0123678
-0.0585875, -0.0188872
-0.0650148, -0.0254066
-0.0714162, -0.0319261
-0.0777891, -0.0381579
-0.084131, -0.0445814
-0.0904395, -0.0511967
-0.0967121, -0.0577162
-0.102946, -0.063948
-0.10914, -0.0701798
-0.11529, -0.0764116
-0.121394, -0.0818764
-0.127451, -0.0883
-0.133457, -0.0944359
-0.139411, -0.100668
-0.14531, -0.106708
-0.151152, -0.109584
-0.156935, -0.119267
-0.162656, -0.125883
-0.168314, -0.13106
-0.173906, -0.136045
-0.179431, -0.142181
-0.184887, -0.147167
-0.190271, -0.153111
-0.195581, -0.158863
-0.200816, -0.163561
-0.205975, -0.168355
-0.211054, -0.172765
-0.216053, -0.177559
-0.220971, -0.182832
-0.225804, -0.188105
-0.230553, -0.193186
-0.235215, -0.19798
-0.239788, -0.203061
-0.244273, -0.207184
-0.248667, -0.212073
-0.25297, -0.215525
-0.257179, -0.219552
-0.261295, -0.223099
-0.265315, -0.227413
-0.26924, -0.231823
-0.273068, -0.234891
-0.276798, -0.237192
-0.280431, -0.240548
-0.283964, -0.244766
-0.287399, -0.249177
-0.290733, -0.25234
-0.293967, -0.255792
-0.297101, -0.258668
-0.300135, -0.262311
-0.303067, -0.265188
-0.305899, -0.26768
-0.30863, -0.269502
-0.311261, -0.272282
-0.313791, -0.274871
-0.316221, -0.277939
-0.318552, -0.279856
-0.320784, -0.281486
-0.322918, -0.283787
-0.324954, -0.285896
-0.326894, -0.288006
-0.328738, -0.289923
-0.330487, -0.291649
-0.332143, -0.293183
-0.333707, -0.295196
-0.33518, -0.29673
-0.336563, -0.297976
-0.337859, -0.299127
-0.339069, -0.300469
-0.340195, -0.301907
-0.341239, -0.302962
-0.342204, -0.303921
-0.34309, -0.304688
-0.343901, -0.305646
-0.344639, -0.306605
-0.345307, -0.307468
-0.345907, -0.307947
-0.346442, -0.308331
-0.346916, -0.308906
-0.347331, -0.309577
-0.34769, -0.310057
-0.347998, -0.31044
-0.348257, -0.31044
-0.348472, -0.310632
-0.348645, -0.310919
-0.348782, -0.311207
-0.348886, -0.311495
-0.348961, -0.311686
-0.349012, -0.311686
-0.349043, -0.311782
-0.349059, -0.311782
-0.349065, -0.311782
-0.349066, -0.311782
-0.349066, -0.311878
-0.349066, -0.311782
-0.349066, -0.311782
-0.349066, -0.311878
-0.349066, -0.311878
-0.349066, -0.311878
-0.349066, -0.311782
-0.349066, -0.311782
-0.349066, -0.311782
-0.349066, -0.311878
-0.349066, -0.311878
-0.349066, -0.311878
-0.349066, -0.311782
-0.349066, -0.311878
-0.349066, -0.311782
-0.349066, -0.311782
-0.349066, -0.311878
-0.349066, -0.311878
-0.349066, -0.311782
-0.349066, -0.311878
-0.349066, -0.311782
-0.349066, -0.311878
-0.349066, -0.311878
-0.349066, -0.311878
-0.349066, -0.311878
-0.349066, -0.311878
-0.349066, -0.311878
-0.349066, -0.311782
-0.349066, -0.311878
-0.349066, -0.311878
-0.349066, -0.311878
-0.349066, -0.311782
-0.349066, -0.311878
-0.349066, -0.311878
-0.349066, -0.311782
-0.349066, -0.311878
-0.349066, -0.311878
-0.349066, -0.311878
-0.349066, -0.311878
-0.349066, -0.311878
-0.349066, -0.311878
-0.349066, -0.311878
-0.349066, -0.311878
-0.349066, -0.311878
-0.349066, -0.311782
-0.349066, -0.311878
-0.349066, -0.311878
-0.349066, -0.311878
-0.349066, -0.311878
-0.349066, -0.311878
-0.349066, -0.311878
-0.349066, -0.311782
-0.349066, -0.311878
-0.349066, -0.311878
-0.349066, -0.311878
-0.349066, -0.311878
-0.349066, -0.311878
-0.349066, -0.311782
-0.349066, -0.311878
-0.349066, -0.311878
-0.349066, -0.311878
-0.349066, -0.311782
-0.349066, -0.311878
-0.349066, -0.311878
-0.349066, -0.311878
-0.349066, -0.311878
-0.349066, -0.311782
-0.349066, -0.311878
-0.349066, -0.311878
-0.349066, -0.311878
-0.349066, -0.311878
-0.349066, -0.311878
-0.349066, -0.311878
-0.349066, -0.311878
-0.349066, -0.311878
-0.349066, -0.311878
-0.349066, -0.311878
-0.349066, -0.311878
-0.349066, -0.311878
-0.349066, -0.311878
-0.349066, -0.311878
-0.349066, -0.311878
-0.349066, -0.311878
-0.349066, -0.311878
-0.349066, -0.311878
-0.349066, -0.311878
-0.349066, -0.311878
-0.349066, -0.311878
-0.349066, -0.311878
-0.349066, -0.311878
-0.349066, -0.311878
-0.349066, -0.311878
-0.349066, -0.311878
-0.349066, -0.311878
-0.349066, -0.311878
-0.349066, -0.311878
-0.349066, -0.311782
-0.349066, -0.311878
-0.349066, -0.311878
-0.349066, -0.311878
-0.349066, -0.311878
-0.349066, -0.311878
-0.349066, -0.311878
-0.349066, -0.311878
-0.349066, -0.311878
-0.349066, -0.311878
-0.349066, -0.311878
-0.349066, -0.311878
-0.349066, -0.311782
-0.349066, -0.311878
-0.349066, -0.311878
-0.349066, -0.311878
-0.349066, -0.311878
-0.349066, -0.311878
-0.349066, -0.311878
-0.349066, -0.311878
-0.349066, -0.311878
-0.349066, -0.311878
-0.349066, -0.311878
-0.349066, -0.311878
-0.349066, -0.311878
-0.349066, -0.311782
-0.349066, -0.311878
-0.349066, -0.311878
-0.349066, -0.311878
-0.349066, -0.311878
-0.349066, -0.311878
-0.349066, -0.311878
-0.349066, -0.311878
-0.349066, -0.311878
-0.349066, -0.311878
-0.349066, -0.311878
-0.349066, -0.311878
-0.349066, -0.311878
-0.349066, -0.311878
-0.349066, -0.311878
-0.349066, -0.311782
-0.349066, -0.311878
-0.349066, -0.311782
-0.349066, -0.311878
-0.349066, -0.311878
-0.349066, -0.311878
-0.349066, -0.311878
-0.349066, -0.311878
-0.349066, -0.311878
-0.349066, -0.311878
-0.349066, -0.311878
-0.349066, -0.311878
-0.349066, -0.311878
-0.349066, -0.311878
-0.349066, -0.311878
-0.349066, -0.311878
-0.349066, -0.311878
-0.349066, -0.311878
-0.349066, -0.311878
-0.349066, -0.311878
-0.349066, -0.311878
-0.349066, -0.311878
-0.349066, -0.311878
-0.349066, -0.311878
-0.349066, -0.311878
-0.349066, -0.311878
-0.349066, -0.311782
-0.349066, -0.311878
-0.349066, -0.311878
-0.349066, -0.311878
-0.349066, -0.311878
-0.349066, -0.311878
-0.349066, -0.311878
-0.349066, -0.311878
-0.349066, -0.311878
-0.349066, -0.311878
-0.349066, -0.311878
-0.349066, -0.311878
-0.349066, -0.311782
-0.349066, -0.311878
-0.349066, -0.311878
-0.349066, -0.311878
-0.349066, -0.311878
-0.349066, -0.311878
-0.349066, -0.311878
-0.349066, -0.311878
-0.349066, -0.311878
-0.349066, -0.311782
-0.349066, -0.311878
-0.349066, -0.311878
-0.349066, -0.311878
-0.349066, -0.311878
-0.349066, -0.311878
-0.349066, -0.311878
-0.349066, -0.311878
-0.349066, -0.311878
-0.349066, -0.311974
-0.349066, -0.311878
-0.349066, -0.311878
-0.349066, -0.311878
-0.349066, -0.311878
-0.349066, -0.311878
-0.349065, -0.311878
-0.349062, -0.311878
-0.349054, -0.311878
-0.349039, -0.311878
-0.349013, -0.311878
-0.348976, -0.311878
-0.348924, -0.311878
-0.348856, -0.311878
-0.348769, -0.311878
-0.348662, -0.311878
-0.348532, -0.311878
-0.348378, -0.311878
-0.348198, -0.311878
-0.347991, -0.311878
-0.347754, -0.311878
-0.347486, -0.311878
-0.347186, -0.311782
-0.346852, -0.311782
-0.346483, -0.311686
-0.346078, -0.311495
-0.345635, -0.311303
-0.345153, -0.310919
-0.344631, -0.310344
-0.344068, -0.309865
-0.343463, -0.309577
-0.342815, -0.309002
-0.342123, -0.308619
-0.341386, -0.307564
-0.340604, -0.306893
-0.339777, -0.306318
-0.338902, -0.305551
-0.33798, -0.304688
-0.33701, -0.303729
-0.335992, -0.303058
-0.334925, -0.301907
-0.333809, -0.301044
-0.332644, -0.299798
-0.331428, -0.298839
-0.330163, -0.297689
-0.328848, -0.29673
-0.327482, -0.295292
-0.326066, -0.294237
-0.3246, -0.292703
-0.323084, -0.291553
-0.321517, -0.290211
-0.319899, -0.288868
-0.318232, -0.287047
-0.316515, -0.285705
-0.314748, -0.284075
-0.312932, -0.282733
-0.311067, -0.281103
-0.309153, -0.278898
-0.30719, -0.277268
-0.30518, -0.275925
-0.303122, -0.274679
-0.301018, -0.272666
-0.298867, -0.270269
-0.296669, -0.267968
-0.294427, -0.266434
-0.29214, -0.264996
-0.289809, -0.262982
-0.287435, -0.260777
-0.285018, -0.257997
-0.28256, -0.256463
-0.28006, -0.254833
-0.27752, -0.25234
-0.274941, -0.249848
-0.272323, -0.247163
-0.269668, -0.245054
-0.266976, -0.243232
-0.264249, -0.24074
-0.261486, -0.237863
-0.25869, -0.234891
-0.255861, -0.232878
-0.253, -0.230769
-0.250109, -0.227988
-0.247188, -0.224633
-0.244238, -0.221948
-0.241262, -0.219839
-0.238258, -0.217634
-0.23523, -0.214854
-0.232178, -0.211306
-0.229103, -0.208622
-0.226006, -0.206513
-0.222889, -0.204403
-0.219753, -0.201048
-0.216598, -0.197884
-0.213427, -0.194337
-0.210241, -0.192323
-0.20704, -0.19031
-0.203827, -0.187338
-0.200601, -0.183407
-0.197366, -0.180531
-0.194121, -0.178517
-0.190868, -0.176121
-0.187609, -0.173724
-0.184345, -0.169314
-0.181076, -0.166341
-0.177805, -0.164424
-0.174533, -0.162794
-0.171261, -0.15963
-0.16799, -0.155891
-0.164721, -0.15244
-0.161457, -0.150522
-0.158198, -0.148509
-0.154945, -0.145537
-0.1517, -0.141894
-0.148464, -0.13873
-0.145239, -0.136812
-0.142026, -0.135182
-0.138825, -0.13221
-0.135638, -0.128567
-0.132467, -0.125211
-0.129313, -0.123102
-0.126177, -0.121185
-0.12306, -0.117733
-0.119963, -0.115241
-0.116888, -0.111597
-0.113836, -0.109968
-0.110807, -0.107858
-0.107804, -0.104503
-0.104827, -0.101435
-0.101878, -0.098175
-0.0989569, -0.0967369
-0.0960655, -0.0949153
-0.0932048, -0.0922308
-0.0903759, -0.0902175
-0.0875797, -0.085999
-0.0848173, -0.0845609
-0.0820896, -0.0828352
-0.0793977, -0.0802466
-0.0767424, -0.0770827
-0.0741248, -0.0743024
-0.0715456, -0.0731519
-0.0690058, -0.0718097
-0.0665062, -0.0696045
-0.0640476, -0.0667283
-0.0616308, -0.0640439
-0.0592566, -0.0612635
-0.0569257, -0.0592502
-0.0546387, -0.0569492
-0.0523964, -0.0545523
-0.0501993, -0.0519637
-0.0480482, -0.049471
-0.0459434, -0.0475535
-0.0438857, -0.0454443
-0.0418754, -0.0433351
-0.039913, -0.0413217
-0.037999, -0.0393084
-0.0361338, -0.0371991
-0.0343176, -0.0355693
-0.0325508, -0.0337477
-0.0308337, -0.0319261
-0.0291664, -0.0301044
-0.0275493, -0.0283787
-0.0259823, -0.026653
-0.0244656, -0.0249272
-0.0229994, -0.023585
-0.0215835, -0.0218593
-0.0202179, -0.0206129
-0.0189026, -0.0187913
-0.0176374, -0.0175449
-0.0164222, -0.0161068
-0.0152567, -0.0150522
-0.0141407, -0.0138059
-0.0130738, -0.0126554
-0.0120557, -0.0115049
-0.0110859, -0.0105461
-0.0101639, -0.00949153
-0.0092893, -0.00862866
-0.00846138, -0.00766992
-0.00767955, -0.00680706
-0.00694311, -0.00604006
-0.00625129, -0.00536895
-0.00560329, -0.00469783
-0.00499824, -0.00393084
-0.0044352, -0.00335559
-0.0039132, -0.00268447
-0.00343117, -0.00230098
-0.002988, -0.00182161
-0.00258253, -0.00115049
-0.00221352, -0.000862866
-0.00187967, -0.000575244
-0.00157961, -9.5874e-05
-0.00131192, 0.000287622
-0.0010751, 0.00047937
-0.000867587, 0.000575244
-0.000687752, 0.000575244
-0.0005339, 0.000862866
-0.000404262, 0.00115049
-0.000297002, 0.00143811
-0.000210212, 0.00162986
-0.000141915, 0.00172573
-9.00575e-05, 0.00172573
-5.25167e-05, 0.00172573
-2.70942e-05, 0.00172573
-1.15175e-05, 0.00182161
-3.43851e-06, 0.00182161
-4.33066e-07, 0.00182161
-4.44089e-16, 0.00182161
-4.44089e-16, 0.00182161
-4.44089e-16, 0.00182161
-4.44089e-16, 0.00182161
-4.44089e-16, 0.00182161
-4.44089e-16, 0.00182161
-4.44089e-16, 0.00182161
-4.44089e-16, 0.00191748
-4.44089e-16, 0.00182161
-4.44089e-16, 0.00182161
-4.44089e-16, 0.00191748
-4.44089e-16, 0.00182161
-4.44089e-16, 0.00182161
-4.44089e-16, 0.00182161
-4.44089e-16, 0.00191748
-4.44089e-16, 0.00191748
-4.44089e-16, 0.00182161
-4.44089e-16, 0.00191748
-4.44089e-16, 0.00182161
-4.44089e-16, 0.00182161
-4.44089e-16, 0.00182161
-4.44089e-16, 0.00182161
-4.44089e-16, 0.00182161
-4.44089e-16, 0.00191748
-4.44089e-16, 0.00191748
-4.44089e-16, 0.00191748
-4.44089e-16, 0.00182161
-4.44089e-16, 0.00182161
-4.44089e-16, 0.00182161
-4.44089e-16, 0.00191748
-4.44089e-16, 0.00191748
-4.44089e-16, 0.00191748
-4.44089e-16, 0.00191748
-4.44089e-16, 0.00191748
-4.44089e-16, 0.00182161
-4.44089e-16, 0.00191748
-4.44089e-16, 0.00182161
-4.44089e-16, 0.00191748
-4.44089e-16, 0.00191748
-4.44089e-16, 0.00182161
-4.44089e-16, 0.00191748
-4.44089e-16, 0.00191748
-4.44089e-16, 0.00191748
-4.44089e-16, 0.00182161
-4.44089e-16, 0.00182161
-4.44089e-16, 0.00191748
-4.44089e-16, 0.00191748
-4.44089e-16, 0.00191748
-4.44089e-16, 0.00191748
-4.44089e-16, 0.00182161
-4.44089e-16, 0.00191748
-4.44089e-16, 0.00191748
-4.44089e-16, 0.00191748
-4.44089e-16, 0.00182161
-4.44089e-16, 0.00191748
-4.44089e-16, 0.00191748
-4.44089e-16, 0.00191748
-4.44089e-16, 0.00182161
-4.44089e-16, 0.00191748
-4.44089e-16, 0.00191748
-4.44089e-16, 0.00191748
-4.44089e-16, 0.00182161
-4.44089e-16, 0.00191748
-4.44089e-16, 0.00191748
-4.44089e-16, 0.00191748
-4.44089e-16, 0.00191748
-4.44089e-16, 0.00191748
-4.44089e-16, 0.00191748
-4.44089e-16, 0.00191748
-4.44089e-16, 0.00191748
-4.44089e-16, 0.00182161
-4.44089e-16, 0.00191748
-4.44089e-16, 0.00191748
-4.44089e-16, 0.00182161
-4.44089e-16, 0.00191748
-4.44089e-16, 0.00191748
-4.44089e-16, 0.00182161
-4.44089e-16, 0.00182161
-4.44089e-16, 0.00191748
-4.44089e-16, 0.00191748
-4.44089e-16, 0.00191748
-4.44089e-16, 0.00182161
-4.44089e-16, 0.00191748
-4.44089e-16, 0.00182161
-4.44089e-16, 0.00191748
-4.44089e-16, 0.00191748
-4.44089e-16, 0.00191748
-4.44089e-16, 0.00191748
-4.44089e-16, 0.00191748
-4.44089e-16, 0.00191748
-4.44089e-16, 0.00191748
-4.44089e-16, 0.00191748
-4.44089e-16, 0.00182161
-4.44089e-16, 0.00191748
-4.44089e-16, 0.00182161
-4.44089e-16, 0.00191748
-4.44089e-16, 0.00191748
-4.44089e-16, 0.00191748
-4.44089e-16, 0.00191748
-4.44089e-16, 0.00191748
-4.44089e-16, 0.00191748
-4.44089e-16, 0.00191748
-4.44089e-16, 0.00191748
-4.44089e-16, 0.00191748
-4.44089e-16, 0.00182161
-4.44089e-16, 0.00191748
-4.44089e-16, 0.00191748
-4.44089e-16, 0.00191748
-4.44089e-16, 0.00182161
-4.44089e-16, 0.00191748
-4.44089e-16, 0.00191748
-4.44089e-16, 0.00191748
-4.44089e-16, 0.00191748
-4.44089e-16, 0.00191748
-4.44089e-16, 0.00191748
-4.44089e-16, 0.00191748
-4.44089e-16, 0.00191748
-4.44089e-16, 0.00182161
-4.44089e-16, 0.00191748
-4.44089e-16, 0.00191748
-4.44089e-16, 0.00191748
-4.44089e-16, 0.00191748
-4.44089e-16, 0.00191748
-4.44089e-16, 0.00191748
-4.44089e-16, 0.00191748
-4.44089e-16, 0.00191748
-4.44089e-16, 0.00191748
-4.44089e-16, 0.00191748
-4.44089e-16, 0.00191748
-4.44089e-16, 0.00191748
-4.44089e-16, 0.00191748
-4.44089e-16, 0.00191748
-4.44089e-16, 0.00191748
-4.44089e-16, 0.00191748
-4.44089e-16, 0.00191748
-4.44089e-16, 0.00201335
-4.44089e-16, 0.00191748
-4.44089e-16, 0.00191748
-4.44089e-16, 0.00191748
-4.44089e-16, 0.00191748
-4.44089e-16, 0.00191748
-4.44089e-16, 0.00191748
-4.44089e-16, 0.00191748
-4.44089e-16, 0.00182161
-4.44089e-16, 0.00191748
-4.44089e-16, 0.00191748
-4.44089e-16, 0.00191748
-4.44089e-16, 0.00191748
-4.44089e-16, 0.00191748
-4.44089e-16, 0.00191748
-4.44089e-16, 0.00191748
-4.44089e-16, 0.00191748
-4.44089e-16, 0.00191748
-4.44089e-16, 0.00191748
-4.44089e-16, 0.00182161
-4.44089e-16, 0.00191748
-4.44089e-16, 0.00191748
-4.44089e-16, 0.00191748
-4.44089e-16, 0.00191748
-4.44089e-16, 0.00191748
-4.44089e-16, 0.00191748
-4.44089e-16, 0.00191748
-4.44089e-16, 0.00191748
-4.44089e-16, 0.00191748
-4.44089e-16, 0.00191748
-4.44089e-16, 0.00191748
-4.44089e-16, 0.00191748
-4.44089e-16, 0.00191748
-4.44089e-16, 0.00191748
-4.44089e-16, 0.00191748
-4.44089e-16, 0.00191748
-4.44089e-16, 0.00191748
-4.44089e-16, 0.00191748
-4.44089e-16, 0.00191748
-4.44089e-16, 0.00191748
-4.44089e-16, 0.00191748
-4.44089e-16, 0.00191748
-4.44089e-16, 0.00191748
-4.44089e-16, 0.00191748
-4.44089e-16, 0.00191748
-4.44089e-16, 0.00191748
-4.44089e-16, 0.00191748
-4.44089e-16, 0.00191748
-4.44089e-16, 0.00191748
-4.44089e-16, 0.00191748
-4.44089e-16, 0.00191748
-4.44089e-16, 0.00191748
-4.44089e-16, 0.00191748
-4.44089e-16, 0.00191748
-4.44089e-16, 0.00191748
-4.44089e-16, 0.00191748
-4.44089e-16, 0.00191748
-4.44089e-16, 0.00201335
-4.44089e-16, 0.00191748
-4.44089e-16, 0.00191748
-4.44089e-16, 0.00191748
0, 0.00191748
0, 0.00191748
7.25568e-09, 0.00191748
5.76094e-08, 0.00191748
1.92966e-07, 0.00191748
4.53942e-07, 0.00191748
8.79875e-07, 0.00191748
1.50884e-06, 0.00191748
2.37767e-06, 0.00191748
3.52194e-06, 0.00191748
4.97603e-06, 0.00191748
6.77308e-06, 0.00191748
8.94506e-06, 0.00191748
1.15227e-05, 0.00191748
1.45357e-05, 0.00191748
1.80124e-05, 0.00191748
2.19802e-05, 0.00191748
2.64652e-05, 0.00191748
3.14924e-05, 0.00191748
3.70858e-05, 0.00191748
4.32683e-05, 0.00191748
5.00616e-05, 0.00191748
5.74864e-05, 0.00191748
6.55624e-05, 0.00191748
7.43082e-05, 0.00191748
8.37414e-05, 0.00191748
9.38786e-05, 0.00191748
0.000104735, 0.00191748
0.000116326, 0.00191748
0.000128665, 0.00191748
0.000141764, 0.00191748
0.000155635, 0.00191748
0.000170289, 0.00191748
0.000185735, 0.00191748
0.000201983, 0.00191748
0.000219041, 0.00191748
0.000236916, 0.00201335
0.000255614, 0.00201335
0.000275141, 0.00201335
0.000295501, 0.00201335
0.000316698, 0.00201335
0.000338734, 0.00201335
0.000361613, 0.00201335
0.000385336, 0.00201335
0.000409902, 0.00201335
0.000435312, 0.00210923
0.000461565, 0.00201335
0.00048866, 0.00210923
0.000516593, 0.00201335
0.000545362, 0.00210923
0.000574963, 0.00210923
0.000605392, 0.0022051
0.000636643, 0.00210923
0.000668711, 0.0022051
0.000701588, 0.0022051
0.000735269, 0.0022051
0.000769745, 0.00230098
0.000805008, 0.00239685
0.000841049, 0.00239685
0.000877859, 0.0025886
0.000915427, 0.0025886
0.000953743, 0.0025886
0.000992797, 0.00278035
0.00103257, 0.00278035
0.00107307, 0.00287622
0.00111426, 0.00287622
0.00115614, 0.0029721
0.00119869, 0.0029721
0.0012419, 0.00306797
0.00128576, 0.00306797
0.00133024, 0.00316384
0.00137534, 0.00316384
0.00142104, 0.00316384
0.00146733, 0.00325972
0.00151417, 0.00335559
0.00156157, 0.00335559
0.0016095, 0.00335559
0.00165794, 0.00335559
0.00170688, 0.00345147
0.0017563, 0.00345147
0.00180617, 0.00345147
0.00185649, 0.00354734
0.00190723, 0.00354734
0.00195836, 0.00354734
0.00200988, 0.00354734
0.00206177, 0.00364321
0.00211399, 0.00364321
0.00216654, 0.00364321
0.00221938, 0.00364321
0.00227251, 0.00373909
0.0023259, 0.00373909
0.00237952, 0.00383496
0.00243336, 0.00383496
0.0024874, 0.00393084
0.00254161, 0.00402671
0.00259598, 0.00412258
0.00265047, 0.00412258
0.00270508, 0.00431433
0.00275977, 0.00431433
0.00281453, 0.00441021
0.00286933, 0.00450608
0.00292416, 0.00450608
0.00297898, 0.00460195
0.00303378, 0.00469783
0.00308854, 0.00469783
0.00314324, 0.00469783
0.00319784, 0.0047937
0.00325234, 0.00488958
0.0033067, 0.00488958
0.00336091, 0.00498545
0.00341495, 0.00498545
0.00346879, 0.00508132
0.00352242, 0.0051772
0.0035758, 0.0051772
0.00362893, 0.0051772
0.00368178, 0.0051772
0.00373432, 0.00527307
0.00378655, 0.00527307
0.00383843, 0.00536895
0.00388995, 0.00536895
0.00394109, 0.00546482
0.00399183, 0.00556069
0.00404214, 0.00556069
0.00409202, 0.00565657
0.00414143, 0.00584832
0.00419037, 0.00584832
0.00423882, 0.00584832
0.00428674, 0.00594419
0.00433414, 0.00594419
0.00438099, 0.00604006
0.00442727, 0.00604006
0.00447297, 0.00604006
0.00451807, 0.00604006
0.00456256, 0.00623181
0.00460642, 0.00623181
0.00464963, 0.00623181
0.00469218, 0.00632769
0.00473406, 0.00632769
0.00477525, 0.00642356
0.00481574, 0.00642356
0.00485552, 0.00642356
0.00489457, 0.00642356
0.00493289, 0.00651943
0.00497046, 0.00661531
0.00500727, 0.00651943
0.00504331, 0.00661531
0.00507857, 0.00661531
0.00511305, 0.00661531
0.00514673, 0.00661531
0.00517961, 0.00671118
0.00521167, 0.00661531
0.00524292, 0.00671118
0.00527335, 0.00671118
0.00530295, 0.00671118
0.00533172, 0.00680706
0.00535966, 0.00680706
0.00538675, 0.00680706
0.005413, 0.00680706
0.00543841, 0.00690293
0.00546298, 0.00680706
0.0054867, 0.00690293
0.00550958, 0.00690293
0.00553162, 0.00690293
0.00555282, 0.00690293
0.00557318, 0.00690293
0.0055927, 0.0069988
0.0056114, 0.0069988
0.00562927, 0.0069988
0.00564633, 0.0069988
0.00566258, 0.0069988
0.00567803, 0.00709468
0.00569268, 0.00709468
0.00570655, 0.00709468
0.00571965, 0.00709468
0.00573199, 0.00719055
0.00574358, 0.00719055
0.00575444, 0.00719055
0.00576457, 0.00719055
0.00577401, 0.00728643
0.00578275, 0.00728643
0.00579083, 0.0073823
0.00579825, 0.00728643
0.00580505, 0.0073823
0.00581123, 0.0073823
0.00581682, 0.0073823
0.00582185, 0.0073823
0.00582634, 0.00747817
0.0058303, 0.00747817
0.00583378, 0.00747817
0.00583679, 0.00747817
0.00583937, 0.00747817
0.00584154, 0.00757405
0.00584334, 0.00757405
0.00584479, 0.00757405
0.00584594, 0.00757405
0.00584681, 0.00757405
0.00584744, 0.00757405
0.00584786, 0.00757405
0.00584812, 0.00757405
0.00584826, 0.00757405
0.00584831, 0.00757405
0.00584832, 0.00757405
0.00584832, 0.00757405
0.00584832, 0.00757405
0.00584832, 0.00757405
0.00584832, 0.00757405
0.00584832, 0.00757405
0.00584832, 0.00757405
0.00584832, 0.00757405
0.00584832, 0.00757405
0.00584832, 0.00757405
0.00584832, 0.00757405
0.00584832, 0.00757405
0.00584832, 0.00757405
0.00584832, 0.00766992
0.00584832, 0.00757405
0.00584832, 0.00757405
0.00584832, 0.00757405
0.00584832, 0.00757405
0.00584832, 0.00757405
0.00584832, 0.00757405
0.00584832, 0.00757405
0.00584832, 0.00757405
0.00584832, 0.00757405
0.00584832, 0.00757405
0.00584832, 0.00757405
0.00584832, 0.00757405
0.00584832, 0.00757405
0.00584832, 0.00766992
0.00584832, 0.00757405
0.00584832, 0.00757405
0.00584832, 0.00757405
0.00584832, 0.00757405
0.00584832, 0.00757405
0.00584832, 0.00757405
0.00584832, 0.00757405
0.00584832, 0.00766992
0.00584832, 0.00757405
0.00584832, 0.00757405
0.00584832, 0.00757405
0.00584832, 0.00757405
0.00584832, 0.00757405
0.00584832, 0.00757405
0.00584832, 0.00766992
0.00584832, 0.00757405
0.00584832, 0.00766992
0.00584832, 0.00766992
0.00584832, 0.00757405
0.00584832, 0.00757405
0.00584832, 0.00757405
0.00584832, 0.00766992
0.00584832, 0.00766992
0.00584832, 0.00757405
0.00584832, 0.00757405
0.00584832, 0.00766992
0.00584832, 0.00766992
0.00584832, 0.00757405
0.00584832, 0.00757405
0.00584832, 0.00766992
0.00584832, 0.00757405
0.00584832, 0.00757405
0.00584832, 0.00766992
0.00584832, 0.00757405
0.00584832, 0.00757405
0.00584832, 0.00757405
0.00584832, 0.00766992
0.00584832, 0.00766992
0.00584832, 0.00757405
0.00584832, 0.00757405
0.00584832, 0.00757405
0.00584832, 0.00766992
0.00584832, 0.00757405
0.00584832, 0.00757405
0.00584832, 0.00757405
0.00584832, 0.00766992
0.00584832, 0.00757405
0.00584832, 0.00757405
0.00584832, 0.00757405
0.00584832, 0.00757405
0.00584832, 0.00766992
0.00584832, 0.00757405
0.00584832, 0.00766992
0.00584832, 0.00757405
0.00584832, 0.00766992
0.00584832, 0.00766992
0.00584832, 0.00757405
0.00584832, 0.00757405
0.00584832, 0.00757405
0.00584832, 0.00766992
0.00584832, 0.00766992
0.00584832, 0.00757405
0.00584832, 0.00757405
0.00584832, 0.00766992
0.00584832, 0.00766992
0.00584832, 0.00757405
0.00584832, 0.00766992
0.00584832, 0.00757405
0.00584832, 0.00757405
0.00584832, 0.00766992
0.00584832, 0.00757405
0.00584832, 0.00757405
0.00584832, 0.00766992
0.00584832, 0.00766992
0.00584832, 0.00766992
0.00584832, 0.00766992
0.00584832, 0.00766992
0.00584832, 0.00766992
0.00584832, 0.00757405
0.00584832, 0.00757405
0.00584832, 0.00766992
0.00584832, 0.00757405
0.00584832, 0.00766992
0.00584832, 0.00766992
0.00584832, 0.00757405
0.00584832, 0.00757405
0.00584832, 0.00757405
0.00584832, 0.00766992
0.00584832, 0.00766992
0.00584832, 0.00766992
0.00584832, 0.00766992
0.00584832, 0.00766992
0.00584832, 0.00766992
0.00584832, 0.00766992
0.00584832, 0.00766992
0.00584832, 0.00757405
0.00584832, 0.00766992
0.00584832, 0.00766992
0.00584832, 0.00766992
0.00584832, 0.00757405
0.00584832, 0.00766992
0.00584832, 0.00766992
0.00584832, 0.00766992
0.00584832, 0.00766992
0.00584832, 0.00766992
0.00584832, 0.00766992
0.00584832, 0.00757405
0.00584832, 0.00757405
0.00584832, 0.00766992
0.00584832, 0.00766992
0.00584832, 0.00766992
0.00584832, 0.00766992
0.00584832, 0.00766992
0.00584832, 0.00766992
0.00584832, 0.00766992
0.00584832, 0.00766992
0.00584832, 0.00766992
0.00584832, 0.00766992
0.00584832, 0.00766992
0.00584832, 0.00766992
0.00584832, 0.00766992
0.00584832, 0.00766992
0.00584832, 0.00766992
0.00584832, 0.00766992
0.00584832, 0.00766992
0.00584832, 0.00766992
0.00584832, 0.00766992
0.00584832, 0.00766992
0.00584832, 0.00757405
0.00584832, 0.00766992
0.00584832, 0.00757405
0.00584832, 0.00766992
0.00584832, 0.00766992
0.00584832, 0.00766992
0.00584832, 0.00766992
0.00584832, 0.00766992
0.00584832, 0.00766992
0.00584832, 0.00766992
0.00584832, 0.00766992
0.00584832, 0.00757405
0.00584832, 0.00766992
0.00584832, 0.00766992
0.00584832, 0.00766992
0.00584832, 0.00766992
0.00584832, 0.00766992
0.00584832, 0.00766992
0.00584832, 0.00766992
0.00584832, 0.00766992
0.00584832, 0.00766992
0.00584832, 0.00766992
0.00584832, 0.00766992
0.00584832, 0.00757405
0.00584832, 0.00766992
0.00584832, 0.00757405
0.00584832, 0.00766992
0.00584832, 0.00766992
0.00584832, 0.00766992
0.00584832, 0.00766992
0.00584832, 0.00766992
0.00584832, 0.00766992
0.00584832, 0.00766992
0.00584832, 0.00766992
0.00584832, 0.00757405
0.00584832, 0.00766992
0.00584832, 0.00766992
0.00584832, 0.00766992
0.00584832, 0.00766992
0.00584832, 0.00766992
