desired_joint, measured_joint
0.704003, 0.704003
0.704003, 0.704003
0.704002, 0.703907
0.703996, 0.704003
0.70398, 0.703907
0.703948, 0.704003
0.703897, 0.704003
0.703821, 0.704003
0.703717, 0.703907
0.703579, 0.703907
0.703404, 0.704003
0.703188, 0.703907
0.702926, 0.703907
0.702616, 0.703907
0.702253, 0.703811
0.701835, 0.703715
0.701357, 0.70362
0.700817, 0.703332
0.700212, 0.703044
0.699539, 0.702565
0.698795, 0.701894
0.697977, 0.701223
0.697083, 0.700456
0.696111, 0.699593
0.695058, 0.698634
0.693922, 0.697771
0.692702, 0.696908
0.691395, 0.695758
0.69, 0.694511
0.688515, 0.693073
0.686938, 0.691827
0.685268, 0.690389
0.683504, 0.688663
0.681645, 0.687225
0.679689, 0.685883
0.677635, 0.683869
0.675484, 0.681952
0.673233, 0.680322
0.670882, 0.678596
0.668432, 0.6762
0.66588, 0.673611
0.663227, 0.671022
0.660473, 0.668146
0.657617, 0.665462
0.65466, 0.662681
0.651601, 0.659422
0.648441, 0.656545
0.64518, 0.653669
0.641817, 0.650505
0.638354, 0.647629
0.634791, 0.643986
0.631128, 0.641589
0.627366, 0.639096
0.623506, 0.635837
0.619548, 0.631714
0.615494, 0.627591
0.611343, 0.624811
0.607099, 0.62251
0.60276, 0.618771
0.598329, 0.613594
0.593807, 0.609375
0.589194, 0.605732
0.584493, 0.602568
0.579705, 0.598254
0.57483, 0.592981
0.569872, 0.588379
0.564831, 0.58464
0.559708, 0.581284
0.554507, 0.577258
0.549227, 0.571026
0.543872, 0.565944
0.538443, 0.562301
0.532942, 0.559233
0.527371, 0.554535
0.521731, 0.549166
0.516026, 0.549166
0.510256, 0.538237
0.504425, 0.53421
0.498534, 0.529321
0.492585, 0.522801
0.486581, 0.516665
0.480524, 0.512447
0.474417, 0.508995
0.468261, 0.504106
0.462059, 0.497299
0.455814, 0.490204
0.449527, 0.486848
0.443202, 0.483013
0.43684, 0.477932
0.430445, 0.469975
0.424018, 0.463359
0.417563, 0.459716
0.411082, 0.455785
0.404577, 0.450512
0.398051, 0.443034
0.391507, 0.436035
0.384947, 0.432008
0.378373, 0.428173
0.37179, 0.422996
0.365198, 0.415039
0.358601, 0.407848
0.352002, 0.403917
0.345402, 0.400466
0.338805, 0.394713
0.332213, 0.386564
0.32563, 0.379182
0.319056, 0.376018
0.312496, 0.372279
0.305952, 0.367102
0.299426, 0.359528
0.292921, 0.353008
0.28644, 0.348981
0.279985, 0.345242
0.273558, 0.33949
0.267163, 0.332875
0.260801, 0.324629
0.254476, 0.318206
0.248189, 0.312837
0.241944, 0.305455
0.235742, 0.299702
0.229586, 0.29347
0.223479, 0.287143
0.217422, 0.280623
0.211418, 0.275158
0.205469, 0.269023
0.199578, 0.262599
0.193747, 0.256655
0.187977, 0.250615
0.182272, 0.244766
0.176632, 0.239206
0.171061, 0.233933
0.16556, 0.227413
0.160131, 0.222332
0.154776, 0.216292
0.149496, 0.211019
0.144295, 0.205746
0.139172, 0.201048
0.134131, 0.195583
0.129173, 0.191077
0.124298, 0.184845
0.11951, 0.180339
0.114809, 0.175545
0.110196, 0.170464
0.105674, 0.16567
0.101243, 0.160301
0.0969045, 0.156754
0.0926596, 0.153494
0.0885095, 0.149659
0.0844551, 0.14592
0.0804974, 0.140935
0.0766372, 0.137292
0.0728753, 0.134799
0.0692124, 0.131156
0.0656491, 0.127608
0.062186, 0.123773
0.0588234, 0.120993
0.0555619, 0.118788
0.0524016, 0.115816
0.0493428, 0.111981
0.0463856, 0.108434
0.0435299, 0.105941
0.0407759, 0.104119
0.0381231, 0.102106
0.0355715, 0.0987503
0.0331207, 0.0957782
0.0307701, 0.0935731
0.0285193, 0.0920391
0.0263676, 0.0902175
0.0243142, 0.0882041
0.0223583, 0.0855196
0.0204988, 0.0837939
0.0187348, 0.082164
0.0170651, 0.0803424
0.0154883, 0.0786167
0.014003, 0.0767951
0.0126077, 0.0767951
0.0113008, 0.0744941
0.0100805, 0.0731519
0.00894501, 0.0719055
0.00789221, 0.0705633
0.00692005, 0.0698922
0.00602627, 0.0691252
0.00520851, 0.0682623
0.00446428, 0.0672077
0.00379096, 0.066249
0.0031858, 0.0658655
0.00264591, 0.0653861
0.00216828, 0.064715
0.00174977, 0.0641397
0.00138707, 0.0636604
0.00107678, 0.0634686
0.000815324, 0.0632769
0.000598999, 0.0629892
0.000423961, 0.0627016
0.000286216, 0.062414
0.00018163, 0.0621264
0.000105917, 0.0621264
5.46442e-05, 0.0619346
2.32287e-05, 0.0619346
6.93485e-06, 0.0618388
8.73417e-07, 0.0618388
0, 0.0619346
0, 0.0618388
0, 0.0618388
0, 0.0618388
0, 0.0617429
0, 0.0617429
0, 0.0618388
0, 0.0618388
0, 0.0618388
0, 0.0617429
0, 0.0617429
0, 0.0617429
0, 0.0617429
0, 0.0617429
0, 0.0617429
0, 0.0617429
0, 0.0617429
0, 0.0617429
0, 0.0617429
0, 0.0618388
0, 0.0617429
0, 0.0617429
0, 0.0617429
0, 0.0617429
0, 0.0617429
0, 0.0617429
0, 0.0617429
0, 0.0617429
0, 0.0617429
0, 0.0617429
0, 0.0617429
0, 0.0617429
0, 0.0617429
0, 0.0617429
0, 0.0617429
0, 0.0617429
0, 0.0617429
0, 0.0617429
0, 0.0617429
0, 0.0617429
0, 0.0617429
0, 0.0617429
0, 0.0617429
0, 0.0617429
0, 0.0617429
0, 0.0617429
0, 0.0617429
0, 0.0617429
0, 0.0617429
0, 0.0617429
0, 0.0617429
0, 0.0617429
0, 0.0617429
0, 0.0617429
0, 0.0617429
0, 0.0617429
0, 0.0617429
0, 0.0617429
0, 0.0617429
0, 0.0617429
0, 0.0617429
0, 0.0617429
0, 0.0617429
0, 0.0617429
0, 0.0617429
0, 0.0617429
0, 0.061647
0, 0.0617429
0, 0.0617429
0, 0.0617429
0, 0.0617429
0, 0.0617429
0, 0.061647
0, 0.061647
0, 0.0617429
0, 0.0617429
0, 0.061647
0, 0.0617429
0, 0.0617429
0, 0.061647
0, 0.0617429
0, 0.0617429
0, 0.0617429
0, 0.061647
0, 0.0617429
0, 0.0617429
0, 0.0617429
0, 0.0617429
0, 0.0617429
0, 0.0617429
0, 0.0617429
0, 0.0617429
0, 0.061647
0, 0.0617429
0, 0.0617429
0, 0.0617429
0, 0.061647
0, 0.0617429
0, 0.0617429
0, 0.0617429
0, 0.0617429
0, 0.0617429
0, 0.0617429
0, 0.061647
0, 0.0617429
0, 0.0617429
0, 0.0617429
0, 0.0617429
0, 0.0617429
0, 0.061647
0, 0.0617429
0, 0.0617429
0, 0.0617429
0, 0.0617429
0, 0.0617429
0, 0.0617429
0, 0.0617429
0, 0.0617429
0, 0.061647
0, 0.061647
0, 0.061647
0, 0.0617429
0, 0.0617429
0, 0.061647
0, 0.0617429
0, 0.0617429
0, 0.061647
0, 0.0617429
0, 0.0617429
0, 0.0617429
0, 0.0617429
0, 0.0617429
0, 0.0617429
0, 0.061647
0, 0.061647
0, 0.061647
0, 0.0617429
0, 0.061647
0, 0.061647
0, 0.061647
0, 0.061647
0, 0.0617429
0, 0.0617429
0, 0.0617429
0, 0.061647
0, 0.061647
0, 0.0617429
0, 0.061647
0, 0.0617429
0, 0.0617429
0, 0.0617429
0, 0.0617429
0, 0.0617429
0, 0.0617429
0, 0.061647
0, 0.061647
0, 0.061647
0, 0.061647
0, 0.061647
0, 0.0617429
0, 0.061647
0, 0.061647
0, 0.061647
0, 0.061647
0, 0.061647
0, 0.061647
0, 0.0617429
0, 0.061647
0, 0.061647
0, 0.061647
0, 0.061647
0, 0.061647
0, 0.0617429
0, 0.061647
0, 0.061647
0, 0.061647
0, 0.061647
0, 0.061647
0, 0.061647
0, 0.061647
0, 0.061647
0, 0.061647
0, 0.0617429
0, 0.061647
0, 0.0617429
0, 0.0617429
0, 0.0617429
0, 0.0617429
0, 0.061647
0, 0.061647
0, 0.0617429
0, 0.061647
0, 0.061647
0, 0.061647
0, 0.061647
0, 0.061647
0, 0.061647
4.33066e-07, 0.061647
3.43851e-06, 0.061647
1.15175e-05, 0.061647
2.70942e-05, 0.061647
5.25167e-05, 0.061647
9.00575e-05, 0.061647
0.000141915, 0.061647
0.000210212, 0.061647
0.000297002, 0.061647
0.000404262, 0.061647
0.0005339, 0.0617429
0.000687752, 0.0617429
0.000867587, 0.061647
0.0010751, 0.061647
0.00131192, 0.0617429
0.00157961, 0.0617429
0.00187967, 0.0617429
0.00221352, 0.0618388
0.00258253, 0.0618388
0.002988, 0.0619346
0.00343117, 0.0620305
0.0039132, 0.0621264
0.0044352, 0.0625099
0.00499824, 0.0629892
0.00560329, 0.0634686
0.00625129, 0.0641397
0.00694311, 0.064715
0.00767955, 0.0651943
0.00846138, 0.0658655
0.0092893, 0.0667283
0.0101639, 0.0674953
0.0110859, 0.0683582
0.0120557, 0.0692211
0.0130738, 0.0700839
0.0141407, 0.0710427
0.0152567, 0.0719055
0.0164222, 0.073056
0.0176374, 0.0739189
0.0189026, 0.075357
0.0202179, 0.0765075
0.0215835, 0.077658
0.0229994, 0.0790002
0.0244656, 0.0803424
0.0259823, 0.0816847
0.0275493, 0.0831228
0.0291664, 0.0846568
0.0308337, 0.0862866
0.0325508, 0.0880124
0.0343176, 0.0896422
0.0361338, 0.0912721
0.037999, 0.0925184
0.039913, 0.0945318
0.0418754, 0.0961617
0.0438857, 0.0980791
0.0459434, 0.100188
0.0480482, 0.101818
0.0501993, 0.103832
0.0523964, 0.106037
0.0546387, 0.108338
0.0569257, 0.110063
0.0592566, 0.111502
0.0616308, 0.113419
0.0640476, 0.116008
0.0665062, 0.118404
0.0690058, 0.120418
0.0715456, 0.122239
0.0741248, 0.12454
0.0767424, 0.127321
0.0793977, 0.130005
0.0820896, 0.132306
0.0848173, 0.134224
0.0875797, 0.136716
0.0903759, 0.139688
0.0932048, 0.142661
0.0960655, 0.14477
0.0989569, 0.146879
0.101878, 0.149755
0.104827, 0.150043
0.107804, 0.155987
0.110807, 0.158096
0.113836, 0.16011
0.116888, 0.16289
0.119963, 0.165766
0.12306, 0.169409
0.126177, 0.171423
0.129313, 0.173532
0.132467, 0.176504
0.135638, 0.179476
0.138825, 0.183215
0.142026, 0.185325
0.145239, 0.187913
0.148464, 0.188968
0.1517, 0.188968
0.154945, 0.188968
0.158198, 0.188968
0.161457, 0.205266
0.164721, 0.208143
0.16799, 0.211402
0.171261, 0.214566
0.174533, 0.216292
0.177805, 0.218209
0.181076, 0.221277
0.184345, 0.225208
0.187609, 0.22818
0.190868, 0.230289
0.194121, 0.232495
0.197366, 0.235946
0.200601, 0.239206
0.203827, 0.242465
0.20704, 0.243712
0.210241, 0.245438
0.213427, 0.249368
0.216598, 0.252916
0.219753, 0.25608
0.222889, 0.25723
0.226006, 0.258956
0.229103, 0.261928
0.232178, 0.265571
0.23523, 0.268831
0.238258, 0.270652
0.241262, 0.272474
0.244238, 0.27535
0.247188, 0.278802
0.250109, 0.281486
0.253, 0.283212
0.255861, 0.284938
0.25869, 0.287334
0.261486, 0.290307
0.264249, 0.292895
0.266976, 0.294333
0.269668, 0.296347
0.272323, 0.298743
0.274941, 0.302099
0.27752, 0.304112
0.28006, 0.305167
0.28256, 0.306701
0.285018, 0.309481
0.287435, 0.312741
0.289809, 0.315234
0.29214, 0.317535
0.294427, 0.319644
0.296669, 0.321753
0.298867, 0.323862
0.301018, 0.326835
0.303122, 0.329231
0.30518, 0.331437
0.30719, 0.333162
0.309153, 0.335463
0.311067, 0.337572
0.312932, 0.339682
0.314748, 0.341599
0.316515, 0.343517
0.318232, 0.345242
0.319899, 0.346968
0.321517, 0.348502
0.323084, 0.34994
0.3246, 0.351762
0.326066, 0.353104
0.327482, 0.354542
0.328848, 0.355693
0.330163, 0.356939
0.331428, 0.358569
0.332644, 0.359719
0.333809, 0.360678
0.334925, 0.361829
0.335992, 0.362979
0.33701, 0.36413
0.33798, 0.365088
0.338902, 0.365951
0.339777, 0.366814
0.340604, 0.367485
0.341386, 0.36854
0.342123, 0.369499
0.342815, 0.370074
0.343463, 0.370745
0.344068, 0.37132
0.344631, 0.372087
0.345153, 0.372183
0.345635, 0.373238
0.346078, 0.373525
0.346483, 0.373909
0.346852, 0.374676
0.347186, 0.375059
0.347486, 0.375251
0.347754, 0.375443
0.347991, 0.37573
0.348198, 0.376114
0.348378, 0.376401
0.348532, 0.376497
0.348662, 0.376593
0.348769, 0.376689
0.348856, 0.376785
0.348924, 0.376977
0.348976, 0.377073
0.349013, 0.377073
0.349039, 0.377168
0.349054, 0.377168
0.349062, 0.377264
0.349065, 0.377264
0.349066, 0.37736
0.349066, 0.377456
0.349066, 0.377456
0.349066, 0.377456
0.349066, 0.377552
0.349066, 0.377456
0.349066, 0.377552
0.349066, 0.377456
0.349066, 0.377552
0.349066, 0.377456
0.349066, 0.377552
0.349066, 0.377456
0.349066, 0.377456
0.349066, 0.377456
0.349066, 0.377456
0.349066, 0.377552
0.349066, 0.377552
0.349066, 0.377456
0.349066, 0.377552
0.349066, 0.377552
0.349066, 0.377552
0.349066, 0.377552
0.349066, 0.377552
0.349066, 0.377552
0.349066, 0.377552
0.349066, 0.377552
0.349066, 0.377552
0.349066, 0.377552
0.349066, 0.377552
0.349066, 0.377552
0.349066, 0.377552
0.349066, 0.377552
0.349066, 0.377552
0.349066, 0.377552
0.349066, 0.377552
0.349066, 0.377552
0.349066, 0.377552
0.349066, 0.377552
0.349066, 0.377552
0.349066, 0.377552
0.349066, 0.377552
0.349066, 0.377552
0.349066, 0.377552
0.349066, 0.377552
0.349066, 0.377552
0.349066, 0.377552
0.349066, 0.377552
0.349066, 0.377648
0.349066, 0.377552
0.349066, 0.377552
0.349066, 0.377552
0.349066, 0.377552
0.349066, 0.377648
0.349066, 0.377552
0.349066, 0.377648
0.349066, 0.377648
0.349066, 0.377648
0.349066, 0.377552
0.349066, 0.377552
0.349066, 0.377648
0.349066, 0.377552
0.349066, 0.377552
0.349066, 0.377552
0.349066, 0.377552
0.349066, 0.377648
0.349066, 0.377552
0.349066, 0.377648
0.349066, 0.377648
0.349066, 0.377648
0.349066, 0.377552
0.349066, 0.377648
0.349066, 0.377648
0.349066, 0.377648
0.349066, 0.377648
0.349066, 0.377648
0.349066, 0.377648
0.349066, 0.377648
0.349066, 0.377648
0.349066, 0.377648
0.349066, 0.377648
0.349066, 0.377648
0.349066, 0.377648
0.349066, 0.377552
0.349066, 0.377648
0.349066, 0.377648
0.349066, 0.377648
0.349066, 0.377552
0.349066, 0.377648
0.349066, 0.377648
0.349066, 0.377552
0.349066, 0.377552
0.349066, 0.377648
0.349066, 0.377648
0.349066, 0.377552
0.349066, 0.377648
0.349066, 0.377648
0.349066, 0.377648
0.349066, 0.377648
0.349066, 0.377552
0.349066, 0.377648
0.349066, 0.377648
0.349066, 0.377648
0.349066, 0.377648
0.349066, 0.377648
0.349066, 0.377648
0.349066, 0.377648
0.349066, 0.377648
0.349066, 0.377648
0.349066, 0.377648
0.349066, 0.377648
0.349066, 0.377648
0.349066, 0.377648
0.349066, 0.377648
0.349066, 0.377648
0.349066, 0.377648
0.349066, 0.377648
0.349066, 0.377648
0.349066, 0.377648
0.349066, 0.377648
0.349066, 0.377648
0.349066, 0.377648
0.349066, 0.377648
0.349066, 0.377648
0.349066, 0.377648
0.349066, 0.377744
0.349066, 0.377648
0.349066, 0.377648
0.349066, 0.377648
0.349066, 0.377744
0.349066, 0.377648
0.349066, 0.377744
0.349066, 0.377648
0.349066, 0.377648
0.349066, 0.377648
0.349066, 0.377744
0.349066, 0.377648
0.349066, 0.377648
0.349066, 0.377648
0.349066, 0.377744
0.349066, 0.377744
0.349066, 0.377648
0.349066, 0.377648
0.349066, 0.377744
0.349066, 0.377744
0.349066, 0.377648
0.349066, 0.377744
0.349066, 0.377648
0.349066, 0.377648
0.349066, 0.377744
0.349066, 0.377744
0.349066, 0.377648
0.349066, 0.377648
0.349066, 0.377648
0.349066, 0.377744
0.349066, 0.377648
0.349066, 0.377648
0.349066, 0.377744
0.349066, 0.377648
0.349066, 0.377744
0.349066, 0.377744
0.349066, 0.377744
0.349066, 0.377744
0.349066, 0.377744
0.349066, 0.377744
0.349066, 0.377744
0.349066, 0.377744
0.349066, 0.377648
0.349066, 0.377744
0.349066, 0.377744
0.349066, 0.377744
0.349066, 0.377744
0.349066, 0.377744
0.349066, 0.377744
0.349066, 0.377744
0.349066, 0.377744
0.349066, 0.377744
0.349066, 0.377744
0.349066, 0.377744
0.349066, 0.377744
0.349066, 0.377744
0.349066, 0.377744
0.349066, 0.377744
0.349066, 0.377744
0.349066, 0.377744
0.349066, 0.377744
0.349066, 0.377744
0.349066, 0.377744
0.349066, 0.377648
0.349066, 0.377744
0.349066, 0.377744
0.349066, 0.377744
0.349066, 0.377744
0.349066, 0.377744
0.349066, 0.377744
0.349066, 0.377744
0.349066, 0.377744
0.349066, 0.377744
0.349066, 0.377744
0.349065, 0.377744
0.349059, 0.377744
0.349043, 0.377744
0.349012, 0.377744
0.348961, 0.377744
0.348886, 0.377744
0.348782, 0.377744
0.348645, 0.377744
0.348472, 0.377744
0.348257, 0.377744
0.347998, 0.377744
0.34769, 0.377744
0.347331, 0.377744
0.346916, 0.377648
0.346442, 0.377552
0.345907, 0.377456
0.345307, 0.377073
0.344639, 0.376593
0.343901, 0.376114
0.34309, 0.37573
0.342204, 0.375155
0.341239, 0.374196
0.340195, 0.373238
0.339069, 0.372375
0.337859, 0.371416
0.336563, 0.370361
0.33518, 0.369115
0.333707, 0.367677
0.332143, 0.366431
0.330487, 0.365376
0.328738, 0.363938
0.326894, 0.3625
0.324954, 0.36039
0.322918, 0.358377
0.320784, 0.357227
0.318552, 0.355789
0.316221, 0.354159
0.313791, 0.35157
0.311261, 0.349173
0.30863, 0.347064
0.305899, 0.345051
0.303067, 0.34275
0.300135, 0.339873
0.297101, 0.336997
0.293967, 0.334792
0.290733, 0.332587
0.287399, 0.329231
0.283964, 0.325684
0.280431, 0.322233
0.276798, 0.319932
0.273068, 0.317439
0.26924, 0.314275
0.265315, 0.309673
0.261295, 0.305263
0.257179, 0.302962
0.25297, 0.300373
0.248667, 0.296155
0.244273, 0.292032
0.239788, 0.287334
0.235215, 0.283883
0.230553, 0.281486
0.225804, 0.277268
0.220971, 0.272186
0.216053, 0.267393
0.211054, 0.264421
0.205975, 0.261257
0.200816, 0.256559
0.195581, 0.250902
0.190271, 0.245533
0.184887, 0.243041
0.179431, 0.239877
0.173906, 0.235371
0.168314, 0.228276
0.162656, 0.222236
0.156935, 0.218593
0.151152, 0.215333
0.14531, 0.210348
0.139411, 0.20402
0.133457, 0.197692
0.127451, 0.194912
0.121394, 0.192323
0.11529, 0.185996
0.10914, 0.178134
0.102946, 0.172382
0.0967121, 0.168642
0.0904395, 0.16452
0.084131, 0.158672
0.0777891, 0.151481
0.0714162, 0.145153
0.0650148, 0.141606
0.0585875, 0.137579
0.0521369, 0.132402
0.0456655, 0.125211
0.0391758, 0.118788
0.0326704, 0.115528
0.026152, 0.111693
0.0196232, 0.106133
0.0130865, 0.0968328
0.00654455, 0.0907927
-2.77556e-17, 0.0879165
-0.00654455, 0.085232
-0.0130865, 0.0790961
-0.0196232, 0.071522
-0.026152, 0.0649067
-0.0326704, 0.0620305
-0.0391758, 0.0590584
-0.0456655, 0.052539
-0.0521369, 0.0458278
-0.0585875, 0.0384455
-0.0650148, 0.0356651
-0.0714162, 0.0325013
-0.0777891, 0.0254066
-0.084131, 0.0179284
-0.0904395, 0.010642
-0.0967121, 0.00431433
-0.102946, -0.000862866
-0.10914, -0.00680706
-0.11529, -0.0130389
-0.121394, -0.0192707
-0.127451, -0.0259819
-0.133457, -0.0323095
-0.139411, -0.0391166
-0.14531, -0.0443897
-0.151152, -0.050238
-0.156935, -0.0566616
-0.162656, -0.0620305
-0.168314, -0.0684541
-0.173906, -0.0744941
-0.179431, -0.0793837
-0.184887, -0.0856155
-0.190271, -0.0907927
-0.195581, -0.0957782
-0.200816, -0.101531
-0.205975, -0.106133
-0.211054, -0.109968
-0.216053, -0.114761
-0.220971, -0.120705
-0.225804, -0.125499
-0.230553, -0.12943
-0.235215, -0.132594
-0.239788, -0.137196
-0.244273, -0.141702
-0.248667, -0.147071
-0.25297, -0.150139
-0.257179, -0.153015
-0.261295, -0.15685
-0.265315, -0.161356
-0.26924, -0.165766
-0.273068, -0.168547
-0.276798, -0.171231
-0.280431, -0.174491
-0.283964, -0.178709
-0.287399, -0.182352
-0.290733, -0.185037
-0.293967, -0.18705
-0.297101, -0.19031
-0.300135, -0.193857
-0.303067, -0.196925
-0.305899, -0.19961
-0.30863, -0.201335
-0.311261, -0.203924
-0.313791, -0.206896
-0.316221, -0.209868
-0.318552, -0.211977
-0.320784, -0.213703
-0.322918, -0.215908
-0.324954, -0.218305
-0.326894, -0.22051
-0.328738, -0.222044
-0.330487, -0.223482
-0.332143, -0.225304
-0.333707, -0.227317
-0.33518, -0.228755
-0.336563, -0.229618
-0.337859, -0.230673
-0.339069, -0.231823
-0.340195, -0.233549
-0.341239, -0.2347
-0.342204, -0.235275
-0.34309, -0.235946
-0.343901, -0.236713
-0.344639, -0.237768
-0.345307, -0.238822
-0.345907, -0.239206
-0.346442, -0.239685
-0.346916, -0.240356
-0.347331, -0.240931
-0.34769, -0.241315
-0.347998, -0.241507
-0.348257, -0.241794
-0.348472, -0.242082
-0.348645, -0.24237
-0.348782, -0.242657
-0.348886, -0.242849
-0.348961, -0.242945
-0.349012, -0.243041
-0.349043, -0.243041
-0.349059, -0.243137
-0.349065, -0.243137
-0.349066, -0.243137
-0.349066, -0.243232
-0.349066, -0.243137
-0.349066, -0.243232
-0.349066, -0.243137
-0.349066, -0.243137
-0.349066, -0.243232
-0.349066, -0.243232
-0.349066, -0.243232
-0.349066, -0.243232
-0.349066, -0.243232
-0.349066, -0.243232
-0.349066, -0.243232
-0.349066, -0.243232
-0.349066, -0.243232
-0.349066, -0.243232
-0.349066, -0.243232
-0.349066, -0.243232
-0.349066, -0.243232
-0.349066, -0.243328
-0.349066, -0.243328
-0.349066, -0.243232
-0.349066, -0.243232
-0.349066, -0.243232
-0.349066, -0.243232
-0.349066, -0.243232
-0.349066, -0.243232
-0.349066, -0.243328
-0.349066, -0.243328
-0.349066, -0.243232
-0.349066, -0.243328
-0.349066, -0.243328
-0.349066, -0.243328
-0.349066, -0.243232
-0.349066, -0.243328
-0.349066, -0.243328
-0.349066, -0.243328
-0.349066, -0.243328
-0.349066, -0.243328
-0.349066, -0.243328
-0.349066, -0.243232
-0.349066, -0.243328
-0.349066, -0.243328
-0.349066, -0.243328
-0.349066, -0.243328
-0.349066, -0.243328
-0.349066, -0.243328
-0.349066, -0.243328
-0.349066, -0.243328
-0.349066, -0.243232
-0.349066, -0.243328
-0.349066, -0.243328
-0.349066, -0.243328
-0.349066, -0.243328
-0.349066, -0.243328
-0.349066, -0.243328
-0.349066, -0.243328
-0.349066, -0.243328
-0.349066, -0.243328
-0.349066, -0.243328
-0.349066, -0.243328
-0.349066, -0.243328
-0.349066, -0.243328
-0.349066, -0.243328
-0.349066, -0.243328
-0.349066, -0.243328
-0.349066, -0.243328
-0.349066, -0.243328
-0.349066, -0.243328
-0.349066, -0.243328
-0.349066, -0.243328
-0.349066, -0.243328
-0.349066, -0.243328
-0.349066, -0.243232
-0.349066, -0.243328
-0.349066, -0.243328
-0.349066, -0.243328
-0.349066, -0.243328
-0.349066, -0.243328
-0.349066, -0.243328
-0.349066, -0.243328
-0.349066, -0.243328
-0.349066, -0.243328
-0.349066, -0.243328
-0.349066, -0.243328
-0.349066, -0.243328
-0.349066, -0.243328
-0.349066, -0.243328
-0.349066, -0.243328
-0.349066, -0.243328
-0.349066, -0.243328
-0.349066, -0.243328
-0.349066, -0.243328
-0.349066, -0.243328
-0.349066, -0.243328
-0.349066, -0.243328
-0.349066, -0.243328
-0.349066, -0.243328
-0.349066, -0.243328
-0.349066, -0.243328
-0.349066, -0.243328
-0.349066, -0.243328
-0.349066, -0.243328
-0.349066, -0.243328
-0.349066, -0.243328
-0.349066, -0.243328
-0.349066, -0.243328
-0.349066, -0.243328
-0.349066, -0.243328
-0.349066, -0.243328
-0.349066, -0.243328
-0.349066, -0.243328
-0.349066, -0.243328
-0.349066, -0.243328
-0.349066, -0.243328
-0.349066, -0.243328
-0.349066, -0.243328
-0.349066, -0.243328
-0.349066, -0.243328
-0.349066, -0.243328
-0.349066, -0.243424
-0.349066, -0.243328
-0.349066, -0.243328
-0.349066, -0.243328
-0.349066, -0.243328
-0.349066, -0.243328
-0.349066, -0.243328
-0.349066, -0.243328
-0.349066, -0.243328
-0.349066, -0.243328
-0.349066, -0.243328
-0.349066, -0.243328
-0.349066, -0.243328
-0.349066, -0.243328
-0.349066, -0.243328
-0.349066, -0.243328
-0.349066, -0.243328
-0.349066, -0.243328
-0.349066, -0.243328
-0.349066, -0.243328
-0.349066, -0.243328
-0.349066, -0.243328
-0.349066, -0.243328
-0.349066, -0.243328
-0.349066, -0.243424
-0.349066, -0.243328
-0.349066, -0.243328
-0.349066, -0.243232
-0.349066, -0.243328
-0.349066, -0.243328
-0.349066, -0.243328
-0.349066, -0.243328
-0.349066, -0.243328
-0.349066, -0.243328
-0.349066, -0.243328
-0.349066, -0.243328
-0.349066, -0.243328
-0.349066, -0.243328
-0.349066, -0.243328
-0.349066, -0.243328
-0.349066, -0.243328
-0.349066, -0.243328
-0.349066, -0.243328
-0.349066, -0.243424
-0.349066, -0.243328
-0.349066, -0.243328
-0.349066, -0.243328
-0.349066, -0.243328
-0.349066, -0.243328
-0.349066, -0.243328
-0.349066, -0.243328
-0.349066, -0.243328
-0.349066, -0.243328
-0.349066, -0.243328
-0.349066, -0.243328
-0.349066, -0.243328
-0.349066, -0.243328
-0.349066, -0.243328
-0.349066, -0.243328
-0.349066, -0.243328
-0.349066, -0.243328
-0.349066, -0.243328
-0.349066, -0.243328
-0.349066, -0.243328
-0.349066, -0.243328
-0.349066, -0.243328
-0.349066, -0.243328
-0.349066, -0.243328
-0.349066, -0.243328
-0.349066, -0.243328
-0.349066, -0.243424
-0.349066, -0.243424
-0.349066, -0.243328
-0.349066, -0.243328
-0.349066, -0.243328
-0.349066, -0.243328
-0.349066, -0.243328
-0.349066, -0.243328
-0.349065, -0.243328
-0.349062, -0.243328
-0.349054, -0.243328
-0.349039, -0.243328
-0.349013, -0.243328
-0.348976, -0.243328
-0.348924, -0.243328
-0.348856, -0.243328
-0.348769, -0.243328
-0.348662, -0.243328
-0.348532, -0.243328
-0.348378, -0.243328
-0.348198, -0.243328
-0.347991, -0.243328
-0.347754, -0.243328
-0.347486, -0.243328
-0.347186, -0.243328
-0.346852, -0.243232
-0.346483, -0.243137
-0.346078, -0.243041
-0.345635, -0.242849
-0.345153, -0.242465
-0.344631, -0.241986
-0.344068, -0.241603
-0.343463, -0.241123
-0.342815, -0.240644
-0.342123, -0.239973
-0.341386, -0.239397
-0.340604, -0.238726
-0.339777, -0.238151
-0.338902, -0.237576
-0.33798, -0.236713
-0.33701, -0.23585
-0.335992, -0.234891
-0.334925, -0.23422
-0.333809, -0.233453
-0.332644, -0.232207
-0.331428, -0.231152
-0.330163, -0.229906
-0.328848, -0.229043
-0.327482, -0.228084
-0.326066, -0.226646
-0.3246, -0.225112
-0.323084, -0.22377
-0.321517, -0.223003
-0.319899, -0.222044
-0.318232, -0.220414
-0.316515, -0.218497
-0.314748, -0.217155
-0.312932, -0.216292
-0.311067, -0.215141
-0.309153, -0.213607
-0.30719, -0.21121
-0.30518, -0.209677
-0.303122, -0.208622
-0.301018, -0.20728
-0.298867, -0.205266
-0.296669, -0.202774
-0.294427, -0.200473
-0.29214, -0.198268
-0.289809, -0.196062
-0.287435, -0.193666
-0.285018, -0.191173
-0.28256, -0.189351
-0.28006, -0.188488
-0.27752, -0.186858
-0.274941, -0.184749
-0.272323, -0.18149
-0.269668, -0.178422
-0.266976, -0.176025
-0.264249, -0.17334
-0.261486, -0.170656
-0.25869, -0.167875
-0.255861, -0.164903
-0.253, -0.161931
-0.250109, -0.159247
-0.247188, -0.155891
-0.244238, -0.153111
-0.241262, -0.15033
-0.238258, -0.147646
-0.23523, -0.144674
-0.232178, -0.141414
-0.229103, -0.138538
-0.226006, -0.135758
-0.222889, -0.13432
-0.219753, -0.129334
-0.216598, -0.125787
-0.213427, -0.123006
-0.210241, -0.120034
-0.20704, -0.116583
-0.203827, -0.113323
-0.200601, -0.109968
-0.197366, -0.106708
-0.194121, -0.103544
-0.190868, -0.0999007
-0.187609, -0.0969286
-0.184345, -0.0932854
-0.181076, -0.0903133
-0.177805, -0.0877247
-0.174533, -0.0853279
-0.171261, -0.0826434
-0.16799, -0.0790961
-0.164721, -0.0755487
-0.161457, -0.073056
-0.158198, -0.0708509
-0.154945, -0.0681664
-0.1517, -0.0650985
-0.148464, -0.0610718
-0.145239, -0.0586749
-0.142026, -0.0567574
-0.138825, -0.0537853
-0.135638, -0.0501421
-0.132467, -0.0467865
-0.129313, -0.0443897
-0.126177, -0.0420887
-0.12306, -0.0391166
-0.119963, -0.0356651
-0.116888, -0.0321178
-0.113836, -0.0302003
-0.110807, -0.0284746
-0.107804, -0.0255025
-0.104827, -0.0226263
-0.101878, -0.0186954
-0.0989569, -0.0166821
-0.0960655, -0.0145729
-0.0932048, -0.0118884
-0.0903759, -0.00882041
-0.0875797, -0.00604006
-0.0848173, -0.00373909
-0.0820896, -0.00172573
-0.0793977, 0.00124636
-0.0767424, 0.00412258
-0.0741248, 0.00642356
-0.0715456, 0.00843691
-0.0690058, 0.0101626
-0.0665062, 0.0130389
-0.0640476, 0.0159151
-0.0616308, 0.0181202
-0.0592566, 0.0197501
-0.0569257, 0.0214758
-0.0546387, 0.0237768
-0.0523964, 0.026653
-0.0501993, 0.0288581
-0.0480482, 0.0302003
-0.0459434, 0.0315426
-0.0438857, 0.0333642
-0.0418754, 0.0358569
-0.039913, 0.0377744
-0.037999, 0.0391166
-0.0361338, 0.0407465
-0.0343176, 0.0426639
-0.0325508, 0.0446773
-0.0308337, 0.0463072
-0.0291664, 0.0470742
-0.0275493, 0.0483205
-0.0259823, 0.0497586
-0.0244656, 0.051772
-0.0229994, 0.0531142
-0.0215835, 0.0539771
-0.0202179, 0.0550317
-0.0189026, 0.0565657
-0.0176374, 0.0580997
-0.0164222, 0.0591543
-0.0152567, 0.0597295
-0.0141407, 0.0604965
-0.0130738, 0.0615511
-0.0120557, 0.0627016
-0.0110859, 0.0638521
-0.0101639, 0.0643315
-0.0092893, 0.0650026
-0.00846138, 0.0657696
-0.00767955, 0.0668242
-0.00694311, 0.0674953
-0.00625129, 0.0678788
-0.00560329, 0.0683582
-0.00499824, 0.0688376
-0.0044352, 0.0695087
-0.0039132, 0.0701798
-0.00343117, 0.0703715
-0.002988, 0.0706592
-0.00258253, 0.0709468
-0.00221352, 0.0716179
-0.00187967, 0.0720014
-0.00157961, 0.0721931
-0.00131192, 0.072289
-0.0010751, 0.0725766
-0.000867587, 0.0728643
-0.000687752, 0.0731519
-0.0005339, 0.0733436
-0.000404262, 0.0734395
-0.000297002, 0.0736313
-0.000210212, 0.0737271
-0.000141915, 0.0739189
-9.00575e-05, 0.0741106
-5.25167e-05, 0.0742065
-2.70942e-05, 0.0743024
-1.15175e-05, 0.0743982
-3.43851e-06, 0.0743982
-4.33066e-07, 0.0743982
-4.44089e-16, 0.0743982
-4.44089e-16, 0.0744941
-4.44089e-16, 0.0744941
-4.44089e-16, 0.0744941
-4.44089e-16, 0.0744941
-4.44089e-16, 0.0744941
-4.44089e-16, 0.0744941
-4.44089e-16, 0.0744941
-4.44089e-16, 0.0744941
-4.44089e-16, 0.0744941
-4.44089e-16, 0.07459
-4.44089e-16, 0.0744941
-4.44089e-16, 0.07459
-4.44089e-16, 0.0744941
-4.44089e-16, 0.07459
-4.44089e-16, 0.07459
-4.44089e-16, 0.0744941
-4.44089e-16, 0.0744941
-4.44089e-16, 0.0744941
-4.44089e-16, 0.07459
-4.44089e-16, 0.07459
-4.44089e-16, 0.07459
-4.44089e-16, 0.0744941
-4.44089e-16, 0.0744941
-4.44089e-16, 0.07459
-4.44089e-16, 0.07459
-4.44089e-16, 0.0744941
-4.44089e-16, 0.07459
-4.44089e-16, 0.07459
-4.44089e-16, 0.07459
-4.44089e-16, 0.07459
-4.44089e-16, 0.0744941
-4.44089e-16, 0.07459
-4.44089e-16, 0.07459
-4.44089e-16, 0.07459
-4.44089e-16, 0.07459
-4.44089e-16, 0.07459
-4.44089e-16, 0.07459
-4.44089e-16, 0.07459
-4.44089e-16, 0.07459
-4.44089e-16, 0.07459
-4.44089e-16, 0.07459
-4.44089e-16, 0.07459
-4.44089e-16, 0.07459
-4.44089e-16, 0.07459
-4.44089e-16, 0.07459
-4.44089e-16, 0.07459
-4.44089e-16, 0.07459
-4.44089e-16, 0.07459
-4.44089e-16, 0.07459
-4.44089e-16, 0.07459
-4.44089e-16, 0.07459
-4.44089e-16, 0.07459
-4.44089e-16, 0.07459
-4.44089e-16, 0.07459
-4.44089e-16, 0.07459
-4.44089e-16, 0.07459
-4.44089e-16, 0.07459
-4.44089e-16, 0.07459
-4.44089e-16, 0.07459
-4.44089e-16, 0.07459
-4.44089e-16, 0.07459
-4.44089e-16, 0.07459
-4.44089e-16, 0.07459
-4.44089e-16, 0.07459
-4.44089e-16, 0.07459
-4.44089e-16, 0.07459
-4.44089e-16, 0.07459
-4.44089e-16, 0.07459
-4.44089e-16, 0.07459
-4.44089e-16, 0.0744941
-4.44089e-16, 0.07459
-4.44089e-16, 0.07459
-4.44089e-16, 0.07459
-4.44089e-16, 0.07459
-4.44089e-16, 0.07459
-4.44089e-16, 0.07459
-4.44089e-16, 0.07459
-4.44089e-16, 0.07459
-4.44089e-16, 0.07459
-4.44089e-16, 0.07459
-4.44089e-16, 0.07459
-4.44089e-16, 0.07459
-4.44089e-16, 0.07459
-4.44089e-16, 0.07459
-4.44089e-16, 0.07459
-4.44089e-16, 0.07459
-4.44089e-16, 0.07459
-4.44089e-16, 0.07459
-4.44089e-16, 0.07459
-4.44089e-16, 0.07459
-4.44089e-16, 0.07459
-4.44089e-16, 0.07459
-4.44089e-16, 0.07459
-4.44089e-16, 0.07459
-4.44089e-16, 0.07459
-4.44089e-16, 0.07459
-4.44089e-16, 0.07459
-4.44089e-16, 0.07459
-4.44089e-16, 0.07459
-4.44089e-16, 0.07459
-4.44089e-16, 0.07459
-4.44089e-16, 0.07459
-4.44089e-16, 0.0746859
-4.44089e-16, 0.07459
-4.44089e-16, 0.07459
-4.44089e-16, 0.07459
-4.44089e-16, 0.07459
-4.44089e-16, 0.07459
-4.44089e-16, 0.07459
-4.44089e-16, 0.07459
-4.44089e-16, 0.0746859
-4.44089e-16, 0.0746859
-4.44089e-16, 0.07459
-4.44089e-16, 0.07459
-4.44089e-16, 0.07459
-4.44089e-16, 0.07459
-4.44089e-16, 0.07459
-4.44089e-16, 0.07459
-4.44089e-16, 0.07459
-4.44089e-16, 0.07459
-4.44089e-16, 0.0746859
-4.44089e-16, 0.07459
-4.44089e-16, 0.07459
-4.44089e-16, 0.07459
-4.44089e-16, 0.0746859
-4.44089e-16, 0.07459
-4.44089e-16, 0.07459
-4.44089e-16, 0.0746859
-4.44089e-16, 0.07459
-4.44089e-16, 0.07459
-4.44089e-16, 0.07459
-4.44089e-16, 0.0746859
-4.44089e-16, 0.0746859
-4.44089e-16, 0.07459
-4.44089e-16, 0.07459
-4.44089e-16, 0.0746859
-4.44089e-16, 0.07459
-4.44089e-16, 0.0746859
-4.44089e-16, 0.07459
-4.44089e-16, 0.0746859
-4.44089e-16, 0.07459
-4.44089e-16, 0.07459
-4.44089e-16, 0.07459
-4.44089e-16, 0.07459
-4.44089e-16, 0.0746859
-4.44089e-16, 0.0746859
-4.44089e-16, 0.07459
-4.44089e-16, 0.0746859
-4.44089e-16, 0.0746859
-4.44089e-16, 0.07459
-4.44089e-16, 0.0746859
-4.44089e-16, 0.0746859
-4.44089e-16, 0.0746859
-4.44089e-16, 0.07459
-4.44089e-16, 0.0746859
-4.44089e-16, 0.0746859
-4.44089e-16, 0.0746859
-4.44089e-16, 0.07459
-4.44089e-16, 0.0746859
-4.44089e-16, 0.0746859
-4.44089e-16, 0.07459
-4.44089e-16, 0.0746859
-4.44089e-16, 0.0746859
-4.44089e-16, 0.07459
-4.44089e-16, 0.0746859
-4.44089e-16, 0.0746859
-4.44089e-16, 0.0746859
-4.44089e-16, 0.07459
-4.44089e-16, 0.0746859
-4.44089e-16, 0.07459
-4.44089e-16, 0.0746859
-4.44089e-16, 0.0746859
-4.44089e-16, 0.0746859
-4.44089e-16, 0.0746859
-4.44089e-16, 0.0746859
-4.44089e-16, 0.07459
-4.44089e-16, 0.0746859
-4.44089e-16, 0.0746859
-4.44089e-16, 0.0746859
-4.44089e-16, 0.0746859
-4.44089e-16, 0.07459
-4.44089e-16, 0.0746859
-4.44089e-16, 0.07459
-4.44089e-16, 0.0746859
-4.44089e-16, 0.07459
-4.44089e-16, 0.0746859
-4.44089e-16, 0.0746859
-4.44089e-16, 0.0746859
-4.44089e-16, 0.0746859
-4.44089e-16, 0.0746859
-4.44089e-16, 0.0746859
-4.44089e-16, 0.0746859
-4.44089e-16, 0.0746859
-4.44089e-16, 0.0746859
0, 0.0746859
0, 0.0746859
8.73417e-07, 0.0746859
6.93485e-06, 0.0746859
2.32287e-05, 0.0746859
5.46442e-05, 0.0746859
0.000105917, 0.0746859
0.00018163, 0.0746859
0.000286216, 0.0746859
0.000423961, 0.0746859
0.000598999, 0.0746859
0.000815324, 0.0747817
0.00107678, 0.0748776
0.00138707, 0.0750694
0.00174977, 0.0751652
0.00216828, 0.0755487
0.00264591, 0.0760281
0.0031858, 0.0764116
0.00379096, 0.0767951
0.00446428, 0.0772745
0.00520851, 0.0778497
0.00602627, 0.0786167
0.00692005, 0.0792878
0.00789221, 0.0802466
0.00894501, 0.0811094
0.0100805, 0.0818764
0.0113008, 0.0828352
0.0126077, 0.0838898
0.014003, 0.0855196
0.0154883, 0.086766
0.0170651, 0.0880124
0.0187348, 0.0893546
0.0204988, 0.0907927
0.0223583, 0.0927102
0.0243142, 0.0942442
0.0263676, 0.0957782
0.0285193, 0.0972163
0.0307701, 0.0992296
0.0331207, 0.101818
0.0355715, 0.103736
0.0381231, 0.105461
0.0407759, 0.107571
0.0435299, 0.109968
0.0463856, 0.113035
0.0493428, 0.115336
0.0524016, 0.117062
0.0555619, 0.119171
0.0588234, 0.122719
0.062186, 0.125978
0.0656491, 0.129813
0.0692124, 0.132114
0.0728753, 0.134511
0.0766372, 0.138059
0.0804974, 0.142181
0.0844551, 0.1464
0.0885095, 0.148701
0.0926596, 0.151673
0.0969045, 0.155891
0.101243, 0.16011
0.105674, 0.164712
0.110196, 0.167492
0.114809, 0.170368
0.11951, 0.175066
0.124298, 0.179668
0.129173, 0.185037
0.134131, 0.188297
0.139172, 0.191269
0.144295, 0.196254
0.149496, 0.201911
0.154776, 0.207567
0.160131, 0.210252
0.16556, 0.213032
0.171061, 0.217155
0.176632, 0.223674
0.182272, 0.22981
0.187977, 0.232974
0.193747, 0.23585
0.199578, 0.241986
0.205469, 0.247739
0.211418, 0.25397
0.217422, 0.257422
0.223479, 0.260586
0.229586, 0.265379
0.235742, 0.273049
0.241944, 0.28024
0.248189, 0.283212
0.254476, 0.286759
0.260801, 0.291553
0.267163, 0.298935
0.273558, 0.302483
0.279985, 0.308523
0.28644, 0.312549
0.292921, 0.31811
0.299426, 0.325972
0.305952, 0.332779
0.312496, 0.339682
0.319056, 0.346201
0.32563, 0.352625
0.332213, 0.359623
0.338805, 0.365855
0.345402, 0.372183
0.352002, 0.379182
0.358601, 0.385797
0.365198, 0.392892
0.37179, 0.398836
0.378373, 0.405643
0.384947, 0.412546
0.391507, 0.419065
0.398051, 0.425585
0.404577, 0.43268
0.411082, 0.438432
0.417563, 0.445335
0.424018, 0.451854
0.430445, 0.45847
0.43684, 0.464989
0.443202, 0.471604
0.449527, 0.478891
0.455814, 0.485218
0.462059, 0.490683
0.468261, 0.49749
0.474417, 0.503722
0.480524, 0.510337
0.486581, 0.515515
0.492585, 0.521842
0.498534, 0.527115
0.504425, 0.533251
0.510256, 0.538237
0.516026, 0.544565
0.521731, 0.550605
0.527371, 0.555015
0.532942, 0.559808
0.538443, 0.564794
0.543872, 0.571313
0.549227, 0.576491
0.554507, 0.581188
0.559708, 0.585982
0.564831, 0.590776
0.569872, 0.595857
0.57483, 0.601801
0.579705, 0.605445
0.584493, 0.608704
0.589194, 0.613019
0.593807, 0.618196
0.598329, 0.623373
0.60276, 0.626824
0.607099, 0.630468
0.611343, 0.634111
0.615494, 0.638138
0.619548, 0.643123
0.623506, 0.645807
0.627366, 0.648492
0.631128, 0.651656
0.634791, 0.65645
0.638354, 0.66038
0.641817, 0.662777
0.64518, 0.664982
0.648441, 0.667859
0.651601, 0.671502
0.65466, 0.675241
0.657617, 0.676871
0.660473, 0.678884
0.663227, 0.681473
0.66588, 0.684541
0.668432, 0.687417
0.670882, 0.689047
0.673233, 0.690772
0.675484, 0.693265
0.677635, 0.69595
0.679689, 0.698346
0.681645, 0.699497
0.683504, 0.70036
0.685268, 0.70199
0.686938, 0.704387
0.688515, 0.705921
0.69, 0.706783
0.691395, 0.707838
0.692702, 0.709564
0.693922, 0.710906
0.695058, 0.711961
0.696111, 0.71244
0.697083, 0.713015
0.697977, 0.714262
0.698795, 0.715316
0.699539, 0.716083
0.700212, 0.716275
0.700817, 0.71685
0.701357, 0.717617
0.701835, 0.718288
0.702253, 0.718672
0.702616, 0.718864
0.702926, 0.719151
0.703188, 0.71963
0.703404, 0.720014
0.703579, 0.72011
0.703717, 0.720302
0.703821, 0.720302
0.703897, 0.720493
0.703948, 0.720685
0.70398, 0.720877
0.703996, 0.721069
0.704002, 0.721164
0.704003, 0.72126
0.704003, 0.721356
0.704003, 0.721356
0.704003, 0.721356
0.704003, 0.721356
0.704003, 0.721356
0.704003, 0.721452
0.704003, 0.721356
0.704003, 0.721452
0.704003, 0.721452
0.704003, 0.721452
0.704003, 0.721356
0.704003, 0.721452
0.704003, 0.721452
0.704003, 0.721452
0.704003, 0.721452
0.704003, 0.721356
0.704003, 0.721452
0.704003, 0.721356
0.704003, 0.721452
0.704003, 0.721356
0.704003, 0.721452
0.704003, 0.721452
0.704003, 0.721452
0.704003, 0.721452
0.704003, 0.721452
0.704003, 0.721452
0.704003, 0.721452
0.704003, 0.721452
0.704003, 0.721452
0.704003, 0.721452
0.704003, 0.721452
0.704003, 0.721452
0.704003, 0.721452
0.704003, 0.721452
0.704003, 0.721452
0.704003, 0.721452
0.704003, 0.721452
0.704003, 0.721452
0.704003, 0.721452
0.704003, 0.721452
0.704003, 0.721452
0.704003, 0.721452
0.704003, 0.721452
0.704003, 0.721452
0.704003, 0.721452
0.704003, 0.721452
0.704003, 0.721452
0.704003, 0.721452
0.704003, 0.721452
0.704003, 0.721452
0.704003, 0.721452
0.704003, 0.721452
0.704003, 0.721452
0.704003, 0.721452
0.704003, 0.721452
0.704003, 0.721452
0.704003, 0.721452
0.704003, 0.721452
0.704003, 0.721452
0.704003, 0.721452
0.704003, 0.721452
0.704003, 0.721452
0.704003, 0.721452
0.704003, 0.721452
0.704003, 0.721452
0.704003, 0.721452
0.704003, 0.721452
0.704003, 0.721452
0.704003, 0.721548
0.704003, 0.721452
0.704003, 0.721452
0.704003, 0.721452
0.704003, 0.721452
0.704003, 0.721548
0.704003, 0.721452
0.704003, 0.721452
0.704003, 0.721452
0.704003, 0.721452
0.704003, 0.721548
0.704003, 0.721452
0.704003, 0.721452
0.704003, 0.721452
0.704003, 0.721452
0.704003, 0.721452
0.704003, 0.721452
0.704003, 0.721452
0.704003, 0.721548
0.704003, 0.721452
0.704003, 0.721452
0.704003, 0.721452
0.704003, 0.721452
0.704003, 0.721548
0.704003, 0.721452
0.704003, 0.721452
0.704003, 0.721452
0.704003, 0.721452
0.704003, 0.721452
0.704003, 0.721452
0.704003, 0.721452
0.704003, 0.721452
0.704003, 0.721548
0.704003, 0.721452
0.704003, 0.721548
0.704003, 0.721452
0.704003, 0.721452
0.704003, 0.721452
0.704003, 0.721452
0.704003, 0.721452
0.704003, 0.721452
0.704003, 0.721452
0.704003, 0.721452
0.704003, 0.721452
0.704003, 0.721452
0.704003, 0.721452
0.704003, 0.721452
0.704003, 0.721452
0.704003, 0.721452
0.704003, 0.721452
0.704003, 0.721452
0.704003, 0.721452
0.704003, 0.721452
0.704003, 0.721452
0.704003, 0.721452
0.704003, 0.721452
0.704003, 0.721452
0.704003, 0.721452
0.704003, 0.721452
0.704003, 0.721452
0.704003, 0.721452
0.704003, 0.721452
0.704003, 0.721452
0.704003, 0.721452
0.704003, 0.721452
0.704003, 0.721452
0.704003, 0.721452
0.704003, 0.721452
0.704003, 0.721452
0.704003, 0.721452
0.704003, 0.721452
0.704003, 0.721452
0.704003, 0.721548
0.704003, 0.721452
0.704003, 0.721548
0.704003, 0.721452
0.704003, 0.721452
0.704003, 0.721452
0.704003, 0.721452
0.704003, 0.721452
0.704003, 0.721452
0.704003, 0.721548
0.704003, 0.721452
0.704003, 0.721452
0.704003, 0.721452
0.704003, 0.721452
0.704003, 0.721452
0.704003, 0.721548
0.704003, 0.721452
0.704003, 0.721548
0.704003, 0.721452
0.704003, 0.721548
0.704003, 0.721548
0.704003, 0.721452
0.704003, 0.721548
0.704003, 0.721452
0.704003, 0.721548
0.704003, 0.721452
0.704003, 0.721452
0.704003, 0.721548
0.704003, 0.721452
0.704003, 0.721548
0.704003, 0.721548
0.704003, 0.721452
0.704003, 0.721548
0.704003, 0.721452
0.704003, 0.721452
0.704003, 0.721548
0.704003, 0.721452
0.704003, 0.721452
0.704003, 0.721452
0.704003, 0.721548
0.704003, 0.721548
0.704003, 0.721452
0.704003, 0.721452
0.704003, 0.721452
0.704003, 0.721452
0.704003, 0.721452
0.704003, 0.721548
0.704003, 0.721452
0.704003, 0.721548
0.704003, 0.721548
0.704003, 0.721452
0.704003, 0.721548
0.704003, 0.721452
0.704003, 0.721548
