desired_joint, measured_joint
9.5874e-05, 9.5874e-05
9.5874e-05, 9.5874e-05
9.5874e-05, 9.5874e-05
9.5874e-05, 9.5874e-05
9.58738e-05, 9.5874e-05
9.58735e-05, 9.5874e-05
9.58731e-05, 0.000191748
9.58724e-05, 9.5874e-05
9.58715e-05, 9.5874e-05
9.58702e-05, 9.5874e-05
9.58686e-05, 9.5874e-05
9.58666e-05, 0.000191748
9.58642e-05, 9.5874e-05
9.58613e-05, 9.5874e-05
9.58578e-05, 9.5874e-05
9.58539e-05, 9.5874e-05
9.58493e-05, 0.000191748
9.58441e-05, 9.5874e-05
9.58382e-05, 9.5874e-05
9.58317e-05, 0.000191748
9.58244e-05, 9.5874e-05
9.58163e-05, 9.5874e-05
9.58074e-05, 0.000191748
9.57977e-05, 9.5874e-05
9.5787e-05, 9.5874e-05
9.57755e-05, 9.5874e-05
9.5763e-05, 9.5874e-05
9.57495e-05, 9.5874e-05
9.5735e-05, 9.5874e-05
9.57195e-05, 9.5874e-05
9.57029e-05, 0.000191748
9.56851e-05, 9.5874e-05
9.56663e-05, 9.5874e-05
9.56462e-05, 9.5874e-05
9.5625e-05, 0.000191748
9.56025e-05, 9.5874e-05
9.55787e-05, 9.5874e-05
9.55537e-05, 9.5874e-05
9.55274e-05, 9.5874e-05
9.54997e-05, 9.5874e-05
9.54706e-05, 0.000191748
9.54402e-05, 9.5874e-05
9.54083e-05, 9.5874e-05
9.5375e-05, 9.5874e-05
9.53402e-05, 9.5874e-05
9.53039e-05, 9.5874e-05
9.52661e-05, 9.5874e-05
9.52267e-05, 9.5874e-05
9.51858e-05, 9.5874e-05
9.51433e-05, 9.5874e-05
9.50991e-05, 9.5874e-05
9.50534e-05, 9.5874e-05
9.50059e-05, 9.5874e-05
9.49568e-05, 9.5874e-05
9.4906e-05, 9.5874e-05
9.48535e-05, 9.5874e-05
9.47992e-05, 9.5874e-05
9.47432e-05, 9.5874e-05
9.46854e-05, 9.5874e-05
9.46258e-05, 9.5874e-05
9.45644e-05, 9.5874e-05
9.45012e-05, 9.5874e-05
9.44361e-05, 9.5874e-05
9.43692e-05, 9.5874e-05
9.43004e-05, 9.5874e-05
9.42297e-05, 9.5874e-05
9.41571e-05, 9.5874e-05
9.40825e-05, 9.5874e-05
9.4006e-05, 9.5874e-05
9.39276e-05, 9.5874e-05
9.38472e-05, 9.5874e-05
9.37648e-05, 9.5874e-05
9.36804e-05, 9.5874e-05
9.3594e-05, 0.000191748
9.35056e-05, 9.5874e-05
9.34151e-05, 9.5874e-05
9.33226e-05, 9.5874e-05
9.32281e-05, 9.5874e-05
9.31315e-05, 9.5874e-05
9.30328e-05, 9.5874e-05
9.29321e-05, 9.5874e-05
9.28292e-05, 0.000191748
9.27242e-05, 9.5874e-05
9.26172e-05, 9.5874e-05
9.2508e-05, 9.5874e-05
9.23966e-05, 9.5874e-05
9.22832e-05, 9.5874e-05
9.21676e-05, 9.5874e-05
9.20498e-05, 9.5874e-05
9.19299e-05, 9.5874e-05
9.18079e-05, 0.000191748
9.16836e-05, 9.5874e-05
9.15572e-05, 9.5874e-05
9.14286e-05, 9.5874e-05
9.12979e-05, 9.5874e-05
9.11649e-05, 9.5874e-05
9.10298e-05, 9.5874e-05
9.08924e-05, 9.5874e-05
9.07529e-05, 9.5874e-05
9.06111e-05, 9.5874e-05
9.04672e-05, 9.5874e-05
9.0321e-05, 9.5874e-05
9.01726e-05, 9.5874e-05
9.00221e-05, 0.000191748
8.98693e-05, 9.5874e-05
8.97143e-05, 9.5874e-05
8.95571e-05, 9.5874e-05
8.93976e-05, 9.5874e-05
8.9236e-05, 9.5874e-05
8.90721e-05, 9.5874e-05
8.89061e-05, 9.5874e-05
8.87378e-05, 9.5874e-05
8.85673e-05, 9.5874e-05
8.83946e-05, 9.5874e-05
8.82197e-05, 0.000191748
8.80425e-05, 9.5874e-05
8.78632e-05, 9.5874e-05
8.76817e-05, 9.5874e-05
8.7498e-05, 9.5874e-05
8.73121e-05, 9.5874e-05
8.7124e-05, 9.5874e-05
8.69337e-05, 9.5874e-05
8.67412e-05, 9.5874e-05
8.65465e-05, 9.5874e-05
8.63497e-05, 9.5874e-05
8.61507e-05, 9.5874e-05
8.59496e-05, 9.5874e-05
8.57463e-05, 9.5874e-05
8.55408e-05, 9.5874e-05
8.53332e-05, 9.5874e-05
8.51234e-05, 9.5874e-05
8.49116e-05, 9.5874e-05
8.46976e-05, 9.5874e-05
8.44814e-05, 9.5874e-05
8.42632e-05, 9.5874e-05
8.40429e-05, 0.000191748
8.38204e-05, 9.5874e-05
8.35959e-05, 9.5874e-05
8.33693e-05, 9.5874e-05
8.31407e-05, 9.5874e-05
8.291e-05, 9.5874e-05
8.26772e-05, 9.5874e-05
8.24424e-05, 9.5874e-05
8.22055e-05, 9.5874e-05
8.19667e-05, 9.5874e-05
8.17258e-05, 9.5874e-05
8.14829e-05, 9.5874e-05
8.1238e-05, 9.5874e-05
8.09912e-05, 9.5874e-05
8.07424e-05, 9.5874e-05
8.04916e-05, 9.5874e-05
8.02389e-05, 0.000191748
7.99842e-05, 0.000191748
7.97277e-05, 9.5874e-05
7.94692e-05, 9.5874e-05
7.92088e-05, 9.5874e-05
7.89466e-05, 9.5874e-05
7.86825e-05, 9.5874e-05
7.84165e-05, 9.5874e-05
7.81486e-05, 9.5874e-05
7.7879e-05, 9.5874e-05
7.76075e-05, 9.5874e-05
7.73342e-05, 9.5874e-05
7.70592e-05, 9.5874e-05
7.67823e-05, 9.5874e-05
7.65037e-05, 9.5874e-05
7.62234e-05, 9.5874e-05
7.59413e-05, 0.000191748
7.56575e-05, 9.5874e-05
7.53721e-05, 9.5874e-05
7.50849e-05, 0.000191748
7.4796e-05, 9.5874e-05
7.45056e-05, 9.5874e-05
7.42134e-05, 9.5874e-05
7.39197e-05, 9.5874e-05
7.36243e-05, 9.5874e-05
7.33274e-05, 9.5874e-05
7.30289e-05, 9.5874e-05
7.27288e-05, 0.000191748
7.24272e-05, 9.5874e-05
7.21241e-05, 9.5874e-05
7.18195e-05, 0.000191748
7.15134e-05, 9.5874e-05
7.12058e-05, 9.5874e-05
7.08968e-05, 9.5874e-05
7.05864e-05, 9.5874e-05
7.02745e-05, 9.5874e-05
6.99612e-05, 9.5874e-05
6.96466e-05, 9.5874e-05
6.93306e-05, 9.5874e-05
6.90133e-05, 9.5874e-05
6.86946e-05, 9.5874e-05
6.83747e-05, 9.5874e-05
6.80535e-05, 9.5874e-05
6.7731e-05, 9.5874e-05
6.74072e-05, 0.000191748
6.70823e-05, 9.5874e-05
6.67561e-05, 9.5874e-05
6.64287e-05, 9.5874e-05
6.61002e-05, 9.5874e-05
6.57706e-05, 9.5874e-05
6.54398e-05, 0.000191748
6.51079e-05, 9.5874e-05
6.47749e-05, 9.5874e-05
6.44409e-05, 9.5874e-05
6.41058e-05, 9.5874e-05
6.37697e-05, 0.000191748
6.34326e-05, 9.5874e-05
6.30945e-05, 9.5874e-05
6.27555e-05, 9.5874e-05
6.24155e-05, 9.5874e-05
6.20746e-05, 9.5874e-05
6.17328e-05, 9.5874e-05
6.13901e-05, 9.5874e-05
6.10466e-05, 9.5874e-05
6.07022e-05, 9.5874e-05
6.0357e-05, 9.5874e-05
6.00111e-05, 9.5874e-05
5.96643e-05, 9.5874e-05
5.93169e-05, 9.5874e-05
5.89687e-05, 9.5874e-05
5.86197e-05, 9.5874e-05
5.82702e-05, 9.5874e-05
5.79199e-05, 9.5874e-05
5.7569e-05, 0.000191748
5.72176e-05, 9.5874e-05
5.68655e-05, 9.5874e-05
5.65128e-05, 9.5874e-05
5.61596e-05, 9.5874e-05
5.58059e-05, 9.5874e-05
5.54517e-05, 9.5874e-05
5.50969e-05, 9.5874e-05
5.47418e-05, 9.5874e-05
5.43862e-05, 0.000191748
5.40302e-05, 9.5874e-05
5.36738e-05, 9.5874e-05
5.3317e-05, 9.5874e-05
5.29599e-05, 9.5874e-05
5.26025e-05, 9.5874e-05
5.22447e-05, 9.5874e-05
5.18867e-05, 9.5874e-05
5.15285e-05, 9.5874e-05
5.117e-05, 9.5874e-05
5.08113e-05, 9.5874e-05
5.04524e-05, 9.5874e-05
5.00934e-05, 9.5874e-05
4.97342e-05, 9.5874e-05
4.93749e-05, 9.5874e-05
4.90155e-05, 0.000191748
4.8656e-05, 9.5874e-05
4.82965e-05, 9.5874e-05
4.7937e-05, 9.5874e-05
4.75775e-05, 9.5874e-05
4.7218e-05, 9.5874e-05
4.68585e-05, 9.5874e-05
4.64992e-05, 9.5874e-05
4.61399e-05, 9.5874e-05
4.57807e-05, 9.5874e-05
4.54216e-05, 0.000191748
4.50628e-05, 9.5874e-05
4.47041e-05, 9.5874e-05
4.43456e-05, 9.5874e-05
4.39873e-05, 9.5874e-05
4.36293e-05, 9.5874e-05
4.32716e-05, 9.5874e-05
4.29141e-05, 9.5874e-05
4.2557e-05, 9.5874e-05
4.22003e-05, 9.5874e-05
4.18439e-05, 9.5874e-05
4.14879e-05, 9.5874e-05
4.11323e-05, 9.5874e-05
4.07771e-05, 9.5874e-05
4.04224e-05, 9.5874e-05
4.00681e-05, 9.5874e-05
3.97144e-05, 9.5874e-05
3.93612e-05, 9.5874e-05
3.90086e-05, 9.5874e-05
3.86565e-05, 9.5874e-05
3.8305e-05, 9.5874e-05
3.79541e-05, 9.5874e-05
3.76039e-05, 9.5874e-05
3.72543e-05, 9.5874e-05
3.69054e-05, 9.5874e-05
3.65572e-05, 9.5874e-05
3.62097e-05, 9.5874e-05
3.5863e-05, 9.5874e-05
3.5517e-05, 9.5874e-05
3.51718e-05, 9.5874e-05
3.48275e-05, 9.5874e-05
3.44839e-05, 9.5874e-05
3.41413e-05, 9.5874e-05
3.37995e-05, 9.5874e-05
3.34586e-05, 9.5874e-05
3.31186e-05, 9.5874e-05
3.27795e-05, 9.5874e-05
3.24414e-05, 9.5874e-05
3.21043e-05, 9.5874e-05
3.17682e-05, 9.5874e-05
3.14332e-05, 9.5874e-05
3.10991e-05, 9.5874e-05
3.07661e-05, 9.5874e-05
3.04343e-05, 9.5874e-05
3.01035e-05, 9.5874e-05
2.97738e-05, 9.5874e-05
2.94453e-05, 9.5874e-05
2.91179e-05, 9.5874e-05
2.87918e-05, 9.5874e-05
2.84668e-05, 9.5874e-05
2.81431e-05, 9.5874e-05
2.78206e-05, 9.5874e-05
2.74993e-05, 9.5874e-05
2.71794e-05, 9.5874e-05
2.68607e-05, 9.5874e-05
2.65434e-05, 0.000191748
2.62274e-05, 9.5874e-05
2.59128e-05, 0.000191748
2.55995e-05, 9.5874e-05
2.52877e-05, 9.5874e-05
2.49772e-05, 0.000191748
2.46682e-05, 9.5874e-05
2.43606e-05, 9.5874e-05
2.40545e-05, 9.5874e-05
2.37499e-05, 9.5874e-05
2.34468e-05, 9.5874e-05
2.31452e-05, 9.5874e-05
2.28451e-05, 9.5874e-05
2.25466e-05, 9.5874e-05
2.22497e-05, 9.5874e-05
2.19543e-05, 9.5874e-05
2.16606e-05, 9.5874e-05
2.13685e-05, 9.5874e-05
2.1078e-05, 9.5874e-05
2.07892e-05, 9.5874e-05
2.0502e-05, 9.5874e-05
2.02165e-05, 9.5874e-05
1.99327e-05, 9.5874e-05
1.96506e-05, 9.5874e-05
1.93703e-05, 9.5874e-05
1.90917e-05, 9.5874e-05
1.88149e-05, 9.5874e-05
1.85398e-05, 9.5874e-05
1.82665e-05, 0.000191748
1.7995e-05, 9.5874e-05
1.77254e-05, 9.5874e-05
1.74576e-05, 0.000191748
1.71916e-05, 9.5874e-05
1.69275e-05, 9.5874e-05
1.66652e-05, 9.5874e-05
1.64048e-05, 9.5874e-05
1.61464e-05, 9.5874e-05
1.58898e-05, 9.5874e-05
1.56351e-05, 9.5874e-05
1.53824e-05, 9.5874e-05
1.51317e-05, 9.5874e-05
1.48828e-05, 0.000191748
1.4636e-05, 9.5874e-05
1.43911e-05, 9.5874e-05
1.41483e-05, 9.5874e-05
1.39074e-05, 9.5874e-05
1.36685e-05, 9.5874e-05
1.34317e-05, 9.5874e-05
1.31969e-05, 9.5874e-05
1.29641e-05, 9.5874e-05
1.27334e-05, 0.000191748
1.25047e-05, 0.000191748
1.22781e-05, 9.5874e-05
1.20536e-05, 9.5874e-05
1.18312e-05, 9.5874e-05
1.16108e-05, 9.5874e-05
1.13926e-05, 9.5874e-05
1.11765e-05, 9.5874e-05
1.09625e-05, 9.5874e-05
1.07506e-05, 9.5874e-05
1.05408e-05, 9.5874e-05
1.03332e-05, 9.5874e-05
1.01278e-05, 9.5874e-05
9.92446e-06, 0.000191748
9.72331e-06, 9.5874e-05
9.52431e-06, 9.5874e-05
9.32749e-06, 0.000191748
9.13284e-06, 9.5874e-05
8.94037e-06, 9.5874e-05
8.75008e-06, 9.5874e-05
8.56197e-06, 9.5874e-05
8.37606e-06, 9.5874e-05
8.19234e-06, 9.5874e-05
8.01082e-06, 9.5874e-05
7.8315e-06, 9.5874e-05
7.65438e-06, 9.5874e-05
7.47947e-06, 9.5874e-05
7.30676e-06, 9.5874e-05
7.13627e-06, 9.5874e-05
6.96798e-06, 9.5874e-05
6.80191e-06, 0.000191748
6.63805e-06, 9.5874e-05
6.47641e-06, 9.5874e-05
6.31698e-06, 9.5874e-05
6.15976e-06, 9.5874e-05
6.00476e-06, 9.5874e-05
5.85197e-06, 0.000191748
5.70139e-06, 9.5874e-05
5.55302e-06, 9.5874e-05
5.40687e-06, 9.5874e-05
5.26291e-06, 9.5874e-05
5.12117e-06, 9.5874e-05
4.98162e-06, 9.5874e-05
4.84428e-06, 9.5874e-05
4.70913e-06, 9.5874e-05
4.57617e-06, 9.5874e-05
4.4454e-06, 9.5874e-05
4.31681e-06, 9.5874e-05
4.1904e-06, 9.5874e-05
4.06616e-06, 9.5874e-05
3.9441e-06, 9.5874e-05
3.82419e-06, 9.5874e-05
3.70644e-06, 9.5874e-05
3.59084e-06, 9.5874e-05
3.47739e-06, 9.5874e-05
3.36607e-06, 9.5874e-05
3.25687e-06, 9.5874e-05
3.1498e-06, 9.5874e-05
3.04484e-06, 9.5874e-05
2.94198e-06, 9.5874e-05
2.84122e-06, 9.5874e-05
2.74254e-06, 9.5874e-05
2.64593e-06, 9.5874e-05
2.55139e-06, 9.5874e-05
2.4589e-06, 9.5874e-05
2.36845e-06, 9.5874e-05
2.28004e-06, 9.5874e-05
2.19364e-06, 9.5874e-05
2.10926e-06, 9.5874e-05
2.02686e-06, 0.000191748
1.94645e-06, 9.5874e-05
1.86801e-06, 0.000191748
1.79152e-06, 9.5874e-05
1.71697e-06, 9.5874e-05
1.64435e-06, 9.5874e-05
1.57364e-06, 0.000191748
1.50482e-06, 9.5874e-05
1.43788e-06, 9.5874e-05
1.37281e-06, 9.5874e-05
1.30958e-06, 9.5874e-05
1.24819e-06, 9.5874e-05
1.1886e-06, 9.5874e-05
1.13081e-06, 0.000191748
1.07479e-06, 9.5874e-05
1.02054e-06, 9.5874e-05
9.68015e-07, 9.5874e-05
9.17213e-07, 9.5874e-05
8.68108e-07, 9.5874e-05
8.20682e-07, 9.5874e-05
7.74912e-07, 9.5874e-05
7.30777e-07, 0.000191748
6.88256e-07, 0.000191748
6.47326e-07, 9.5874e-05
6.07964e-07, 9.5874e-05
5.70148e-07, 9.5874e-05
5.33853e-07, 9.5874e-05
4.99056e-07, 0.000191748
4.65731e-07, 9.5874e-05
4.33855e-07, 9.5874e-05
4.03401e-07, 9.5874e-05
3.74344e-07, 0.000191748
3.46657e-07, 9.5874e-05
3.20313e-07, 9.5874e-05
2.95286e-07, 9.5874e-05
2.71546e-07, 9.5874e-05
2.49067e-07, 9.5874e-05
2.27818e-07, 9.5874e-05
2.07772e-07, 0.000191748
1.88897e-07, 9.5874e-05
1.71165e-07, 9.5874e-05
1.54544e-07, 9.5874e-05
1.39003e-07, 9.5874e-05
1.2451e-07, 9.5874e-05
1.11034e-07, 9.5874e-05
9.85415e-08, 9.5874e-05
8.69994e-08, 9.5874e-05
7.6374e-08, 9.5874e-05
6.66314e-08, 9.5874e-05
5.77367e-08, 9.5874e-05
4.96549e-08, 9.5874e-05
4.23503e-08, 9.5874e-05
3.57867e-08, 9.5874e-05
2.99273e-08, 9.5874e-05
2.47351e-08, 9.5874e-05
2.01722e-08, 9.5874e-05
1.62005e-08, 9.5874e-05
1.27811e-08, 9.5874e-05
9.87475e-09, 9.5874e-05
7.44167e-09, 9.5874e-05
5.44149e-09, 9.5874e-05
3.83336e-09, 9.5874e-05
2.57585e-09, 0.000191748
1.62703e-09, 9.5874e-05
9.44417e-10, 9.5874e-05
4.85003e-10, 9.5874e-05
2.05229e-10, 9.5874e-05
6.09918e-11, 9.5874e-05
7.64693e-12, 9.5874e-05
-1.0842e-19, 0.000191748
-1.0842e-19, 0.000191748
-1.0842e-19, 9.5874e-05
-1.0842e-19, 9.5874e-05
-1.0842e-19, 9.5874e-05
-1.0842e-19, 9.5874e-05
-1.0842e-19, 9.5874e-05
-1.0842e-19, 9.5874e-05
-1.0842e-19, 0.000191748
-1.0842e-19, 9.5874e-05
-1.0842e-19, 9.5874e-05
-1.0842e-19, 9.5874e-05
-1.0842e-19, 9.5874e-05
-1.0842e-19, 0.000191748
-1.0842e-19, 9.5874e-05
-1.0842e-19, 9.5874e-05
-1.0842e-19, 9.5874e-05
-1.0842e-19, 9.5874e-05
-1.0842e-19, 9.5874e-05
-1.0842e-19, 9.5874e-05
-1.0842e-19, 9.5874e-05
-1.0842e-19, 9.5874e-05
-1.0842e-19, 9.5874e-05
-1.0842e-19, 9.5874e-05
-1.0842e-19, 9.5874e-05
-1.0842e-19, 9.5874e-05
-1.0842e-19, 9.5874e-05
-1.0842e-19, 0.000191748
-1.0842e-19, 9.5874e-05
-1.0842e-19, 9.5874e-05
-1.0842e-19, 9.5874e-05
-1.0842e-19, 0.000191748
-1.0842e-19, 9.5874e-05
-1.0842e-19, 0.000191748
-1.0842e-19, 9.5874e-05
-1.0842e-19, 9.5874e-05
-1.0842e-19, 9.5874e-05
-1.0842e-19, 9.5874e-05
-1.0842e-19, 9.5874e-05
-1.0842e-19, 9.5874e-05
-1.0842e-19, 0.000191748
-1.0842e-19, 9.5874e-05
-1.0842e-19, 0.000191748
-1.0842e-19, 9.5874e-05
-1.0842e-19, 0
-1.0842e-19, 9.5874e-05
-1.0842e-19, 9.5874e-05
-1.0842e-19, 9.5874e-05
-1.0842e-19, 9.5874e-05
-1.0842e-19, 0.000191748
-1.0842e-19, 9.5874e-05
-1.0842e-19, 9.5874e-05
-1.0842e-19, 9.5874e-05
-1.0842e-19, 9.5874e-05
-1.0842e-19, 9.5874e-05
-1.0842e-19, 9.5874e-05
-1.0842e-19, 0.000191748
-1.0842e-19, 0.000191748
-1.0842e-19, 9.5874e-05
-1.0842e-19, 9.5874e-05
-1.0842e-19, 9.5874e-05
-1.0842e-19, 9.5874e-05
-1.0842e-19, 0.000191748
-1.0842e-19, 9.5874e-05
-1.0842e-19, 9.5874e-05
-1.0842e-19, 9.5874e-05
-1.0842e-19, 0.000191748
-1.0842e-19, 9.5874e-05
-1.0842e-19, 9.5874e-05
-1.0842e-19, 9.5874e-05
-1.0842e-19, 9.5874e-05
-1.0842e-19, 9.5874e-05
-1.0842e-19, 9.5874e-05
-1.0842e-19, 0.000191748
-1.0842e-19, 9.5874e-05
-1.0842e-19, 9.5874e-05
-1.0842e-19, 9.5874e-05
-1.0842e-19, 9.5874e-05
-1.0842e-19, 9.5874e-05
-1.0842e-19, 9.5874e-05
-1.0842e-19, 9.5874e-05
-1.0842e-19, 9.5874e-05
-1.0842e-19, 9.5874e-05
-1.0842e-19, 9.5874e-05
-1.0842e-19, 9.5874e-05
-1.0842e-19, 9.5874e-05
-1.0842e-19, 9.5874e-05
-1.0842e-19, 9.5874e-05
-1.0842e-19, 9.5874e-05
-1.0842e-19, 9.5874e-05
-1.0842e-19, 9.5874e-05
-1.0842e-19, 0.000191748
-1.0842e-19, 0
-1.0842e-19, 9.5874e-05
-1.0842e-19, 9.5874e-05
-1.0842e-19, 9.5874e-05
-1.0842e-19, 9.5874e-05
-1.0842e-19, 9.5874e-05
-1.0842e-19, 9.5874e-05
-1.0842e-19, 9.5874e-05
-1.0842e-19, 9.5874e-05
-1.0842e-19, 9.5874e-05
-1.0842e-19, 9.5874e-05
-1.0842e-19, 9.5874e-05
-1.0842e-19, 9.5874e-05
-1.0842e-19, 9.5874e-05
-1.0842e-19, 9.5874e-05
-1.0842e-19, 0.000191748
-1.0842e-19, 0.000191748
-1.0842e-19, 9.5874e-05
-1.0842e-19, 9.5874e-05
-1.0842e-19, 9.5874e-05
-1.0842e-19, 9.5874e-05
-1.0842e-19, 9.5874e-05
-1.0842e-19, 9.5874e-05
-1.0842e-19, 9.5874e-05
-1.0842e-19, 9.5874e-05
-1.0842e-19, 9.5874e-05
-1.0842e-19, 9.5874e-05
-1.0842e-19, 9.5874e-05
-1.0842e-19, 0.000191748
-1.0842e-19, 9.5874e-05
-1.0842e-19, 9.5874e-05
-1.0842e-19, 9.5874e-05
-1.0842e-19, 9.5874e-05
-1.0842e-19, 9.5874e-05
-1.0842e-19, 9.5874e-05
-1.0842e-19, 9.5874e-05
-1.0842e-19, 0.000191748
-1.0842e-19, 9.5874e-05
-1.0842e-19, 9.5874e-05
-1.0842e-19, 0.000191748
-1.0842e-19, 9.5874e-05
-1.0842e-19, 9.5874e-05
-1.0842e-19, 9.5874e-05
-1.0842e-19, 9.5874e-05
-1.0842e-19, 9.5874e-05
-1.0842e-19, 9.5874e-05
-1.0842e-19, 9.5874e-05
-1.0842e-19, 0.000191748
-1.0842e-19, 9.5874e-05
-1.0842e-19, 9.5874e-05
-1.0842e-19, 9.5874e-05
-1.0842e-19, 9.5874e-05
-1.0842e-19, 9.5874e-05
-1.0842e-19, 9.5874e-05
-1.0842e-19, 9.5874e-05
-1.0842e-19, 9.5874e-05
-1.0842e-19, 9.5874e-05
-1.0842e-19, 9.5874e-05
-1.0842e-19, 9.5874e-05
-1.0842e-19, 9.5874e-05
-1.0842e-19, 9.5874e-05
-1.0842e-19, 9.5874e-05
-1.0842e-19, 9.5874e-05
-1.0842e-19, 9.5874e-05
-1.0842e-19, 9.5874e-05
-1.0842e-19, 9.5874e-05
-1.0842e-19, 0.000191748
-1.0842e-19, 9.5874e-05
-1.0842e-19, 9.5874e-05
-1.0842e-19, 9.5874e-05
-1.0842e-19, 9.5874e-05
-1.0842e-19, 9.5874e-05
-1.0842e-19, 9.5874e-05
-1.0842e-19, 9.5874e-05
-1.0842e-19, 9.5874e-05
-1.0842e-19, 0.000191748
-1.0842e-19, 9.5874e-05
-1.0842e-19, 9.5874e-05
-1.0842e-19, 9.5874e-05
-1.0842e-19, 9.5874e-05
-1.0842e-19, 9.5874e-05
-1.0842e-19, 9.5874e-05
-1.0842e-19, 9.5874e-05
-1.0842e-19, 9.5874e-05
-1.0842e-19, 9.5874e-05
-1.0842e-19, 9.5874e-05
-1.0842e-19, 9.5874e-05
-1.0842e-19, 0.000191748
-1.0842e-19, 9.5874e-05
-1.0842e-19, 9.5874e-05
-1.0842e-19, 9.5874e-05
-1.0842e-19, 9.5874e-05
-1.0842e-19, 9.5874e-05
-1.0842e-19, 9.5874e-05
-1.0842e-19, 9.5874e-05
-1.0842e-19, 9.5874e-05
-1.0842e-19, 9.5874e-05
-1.0842e-19, 9.5874e-05
-1.0842e-19, 9.5874e-05
-1.0842e-19, 9.5874e-05
-1.0842e-19, 9.5874e-05
0, 9.5874e-05
0, 9.5874e-05
1.39208e-08, 9.5874e-05
1.11032e-07, 9.5874e-05
3.73606e-07, 9.5874e-05
8.8292e-07, 9.5874e-05
1.71925e-06, 9.5874e-05
2.9619e-06, 9.5874e-05
4.68917e-06, 9.5874e-05
6.97839e-06, 9.5874e-05
9.90591e-06, 9.5874e-05
1.35471e-05, 9.5874e-05
1.79764e-05, 9.5874e-05
2.32672e-05, 9.5874e-05
2.9492e-05, 9.5874e-05
3.67223e-05, 9.5874e-05
4.50288e-05, 9.5874e-05
5.44809e-05, 9.5874e-05
6.51475e-05, 9.5874e-05
7.70962e-05, 9.5874e-05
9.03938e-05, 9.5874e-05
0.000105106, 9.5874e-05
0.000121298, 9.5874e-05
0.000139034, 9.5874e-05
0.000158377, 9.5874e-05
0.000179389, 9.5874e-05
0.000202131, 9.5874e-05
0.000226664, 9.5874e-05
0.000253046, 9.5874e-05
0.000281338, 9.5874e-05
0.000311595, 9.5874e-05
0.000343876, 9.5874e-05
0.000378236, 9.5874e-05
0.000414729, 9.5874e-05
0.000453411, 9.5874e-05
0.000494334, 9.5874e-05
0.00053755, 9.5874e-05
0.000583111, 0.000191748
0.000631068, 9.5874e-05
0.000681471, 9.5874e-05
0.000734368, 9.5874e-05
0.000789807, 0.000191748
0.000847836, 9.5874e-05
0.000908501, 9.5874e-05
0.000971847, 9.5874e-05
0.00103792, 9.5874e-05
0.00110676, 9.5874e-05
0.00117842, 9.5874e-05
0.00125293, 0.000191748
0.00133034, 9.5874e-05
0.00141068, 9.5874e-05
0.001494, 9.5874e-05
0.00158034, 9.5874e-05
0.00166973, 9.5874e-05
0.00176221, 9.5874e-05
0.00185782, 0.000191748
0.0019566, 9.5874e-05
0.00205857, 9.5874e-05
0.00216378, 9.5874e-05
0.00227225, 9.5874e-05
0.00238402, 9.5874e-05
0.00249912, 9.5874e-05
0.00261758, 9.5874e-05
0.00273944, 9.5874e-05
0.00286471, 9.5874e-05
0.00299344, 9.5874e-05
0.00312564, 9.5874e-05
0.00326136, 0.000191748
0.0034006, 9.5874e-05
0.0035434, 9.5874e-05
0.00368978, 9.5874e-05
0.00383978, 9.5874e-05
0.0039934, 9.5874e-05
0.00415068, 9.5874e-05
0.00431163, 9.5874e-05
0.00447628, 9.5874e-05
0.00464465, 9.5874e-05
0.00481676, 9.5874e-05
0.00499262, 9.5874e-05
0.00517226, 9.5874e-05
0.0053557, 9.5874e-05
0.00554295, 9.5874e-05
0.00573402, 9.5874e-05
0.00592894, 0.000191748
0.00612772, 9.5874e-05
0.00633037, 9.5874e-05
0.00653692, 9.5874e-05
0.00674736, 0.000191748
0.00696171, 9.5874e-05
0.00717999, 0.000191748
0.00740221, 9.5874e-05
0.00762837, 9.5874e-05
0.00785849, 9.5874e-05
0.00809258, 9.5874e-05
0.00833064, 9.5874e-05
0.00857268, 9.5874e-05
0.00881871, 9.5874e-05
0.00906874, 9.5874e-05
0.00932278, 9.5874e-05
0.00958082, 9.5874e-05
0.00984287, 9.5874e-05
0.0101089, 9.5874e-05
0.010379, 9.5874e-05
0.0106532, 9.5874e-05
0.0109313, 9.5874e-05
0.0112135, 9.5874e-05
0.0114997, 9.5874e-05
0.0117899, 9.5874e-05
0.0120842, 9.5874e-05
0.0123825, 0.000191748
0.0126848, 9.5874e-05
0.0129911, 9.5874e-05
0.0133015, 9.5874e-05
0.0136159, 9.5874e-05
0.0139343, 9.5874e-05
0.0142568, 9.5874e-05
0.0145832, 9.5874e-05
0.0149137, 9.5874e-05
0.0152481, 9.5874e-05
0.0155866, 9.5874e-05
0.015929, 9.5874e-05
0.0162754, 9.5874e-05
0.0166258, 9.5874e-05
0.0169801, 9.5874e-05
0.0173384, 9.5874e-05
0.0177007, 9.5874e-05
0.0180669, 9.5874e-05
0.018437, 0.000191748
0.018811, 9.5874e-05
0.019189, 9.5874e-05
0.0195708, 9.5874e-05
0.0199565, 9.5874e-05
0.0203461, 9.5874e-05
0.0207395, 9.5874e-05
0.0211368, 9.5874e-05
0.0215379, 9.5874e-05
0.0219428, 9.5874e-05
0.0223516, 9.5874e-05
0.0227641, 9.5874e-05
0.0231803, 9.5874e-05
0.0236003, 9.5874e-05
0.0240241, 9.5874e-05
0.0244515, 9.5874e-05
0.0248827, 9.5874e-05
0.0253175, 9.5874e-05
0.025756, 9.5874e-05
0.0261982, 9.5874e-05
0.0266439, 9.5874e-05
0.0270933, 9.5874e-05
0.0275463, 9.5874e-05
0.0280028, 9.5874e-05
0.0284628, 9.5874e-05
0.0289264, 9.5874e-05
0.0293935, 9.5874e-05
0.029864, 9.5874e-05
0.030338, 9.5874e-05
0.0308154, 9.5874e-05
0.0312962, 9.5874e-05
0.0317804, 9.5874e-05
0.032268, 9.5874e-05
0.0327589, 9.5874e-05
0.0332531, 9.5874e-05
0.0337506, 9.5874e-05
0.0342513, 9.5874e-05
0.0347553, 9.5874e-05
0.0352625, 9.5874e-05
0.0357728, 9.5874e-05
0.0362863, 9.5874e-05
0.0368029, 9.5874e-05
0.0373226, 9.5874e-05
0.0378454, 9.5874e-05
0.0383712, 9.5874e-05
0.0389, 9.5874e-05
0.0394318, 9.5874e-05
0.0399666, 9.5874e-05
0.0405042, 9.5874e-05
0.0410448, 9.5874e-05
0.0415882, 9.5874e-05
0.0421345, 0.000191748
0.0426835, 9.5874e-05
0.0432353, 9.5874e-05
0.0437898, 9.5874e-05
0.0443471, 9.5874e-05
0.044907, 9.5874e-05
0.0454695, 9.5874e-05
0.0460347, 9.5874e-05
0.0466024, 9.5874e-05
0.0471727, 9.5874e-05
0.0477455, 9.5874e-05
0.0483207, 9.5874e-05
0.0488984, 9.5874e-05
0.0494785, 9.5874e-05
0.0500609, 9.5874e-05
0.0506457, 0.000191748
0.0512328, 9.5874e-05
0.0518221, 9.5874e-05
0.0524137, 9.5874e-05
0.0530075, 9.5874e-05
0.0536034, 9.5874e-05
0.0542014, 9.5874e-05
0.0548016, 9.5874e-05
0.0554037, 9.5874e-05
0.0560079, 9.5874e-05
0.0566141, 9.5874e-05
0.0572222, 9.5874e-05
0.0578322, 9.5874e-05
0.058444, 9.5874e-05
0.0590577, 9.5874e-05
0.0596732, 9.5874e-05
0.0602904, 9.5874e-05
0.0609093, 9.5874e-05
0.0615299, 9.5874e-05
0.0621521, 9.5874e-05
0.0627759, 9.5874e-05
0.0634013, 9.5874e-05
0.0640282, 9.5874e-05
0.0646566, 9.5874e-05
0.0652864, 0.000191748
0.0659176, 9.5874e-05
0.0665502, 9.5874e-05
0.067184, 9.5874e-05
0.0678192, 9.5874e-05
0.0684556, 9.5874e-05
0.0690932, 9.5874e-05
0.0697319, 9.5874e-05
0.0703718, 0.000191748
0.0710128, 9.5874e-05
0.0716547, 9.5874e-05
0.0722977, 9.5874e-05
0.0729417, 9.5874e-05
0.0735865, 9.5874e-05
0.0742322, 9.5874e-05
0.0748788, 9.5874e-05
0.0755261, 9.5874e-05
0.0761742, 9.5874e-05
0.076823, 9.5874e-05
0.0774725, 9.5874e-05
0.0781226, 9.5874e-05
0.0787733, 9.5874e-05
0.0794245, 9.5874e-05
0.0800763, 9.5874e-05
0.0807285, 9.5874e-05
0.0813811, 9.5874e-05
0.082034, 9.5874e-05
0.0826874, 9.5874e-05
0.083341, 9.5874e-05
0.0839948, 9.5874e-05
0.0846489, 9.5874e-05
0.0853032, 9.5874e-05
0.0859575, 9.5874e-05
0.086612, 9.5874e-05
0.0872665, 0.000191748
0.087921, 9.5874e-05
0.0885754, 9.5874e-05
0.0892298, 9.5874e-05
0.089884, 9.5874e-05
0.0905381, 9.5874e-05
0.0911919, 9.5874e-05
0.0918456, 9.5874e-05
0.0924989, 9.5874e-05
0.0931519, 9.5874e-05
0.0938045, 9.5874e-05
0.0944567, 9.5874e-05
0.0951084, 9.5874e-05
0.0957596, 9.5874e-05
0.0964103, 9.5874e-05
0.0970604, 9.5874e-05
0.0977099, 9.5874e-05
0.0983587, 9.5874e-05
0.0990068, 9.5874e-05
0.0996541, 9.5874e-05
0.100301, 9.5874e-05
0.100946, 9.5874e-05
0.101591, 0.000191748
0.102235, 9.5874e-05
0.102878, 0.000191748
0.10352, 9.5874e-05
0.104161, 9.5874e-05
0.104801, 9.5874e-05
0.10544, 0.000191748
0.106077, 9.5874e-05
0.106714, 9.5874e-05
0.107349, 9.5874e-05
0.107983, 9.5874e-05
0.108615, 9.5874e-05
0.109247, 9.5874e-05
0.109876, 9.5874e-05
0.110505, 9.5874e-05
0.111132, 9.5874e-05
0.111757, 9.5874e-05
0.112381, 9.5874e-05
0.113003, 9.5874e-05
0.113624, 9.5874e-05
0.114243, 9.5874e-05
0.11486, 9.5874e-05
0.115475, 9.5874e-05
0.116089, 9.5874e-05
0.116701, 9.5874e-05
0.117311, 9.5874e-05
0.117919, 9.5874e-05
0.118525, 9.5874e-05
0.119129, 9.5874e-05
0.119731, 9.5874e-05
0.120331, 9.5874e-05
0.12093, 9.5874e-05
0.121525, 9.5874e-05
0.122119, 9.5874e-05
0.122711, 9.5874e-05
0.1233, 0.000191748
0.123887, 9.5874e-05
0.124472, 9.5874e-05
0.125054, 9.5874e-05
0.125635, 9.5874e-05
0.126212, 9.5874e-05
0.126787, 9.5874e-05
0.12736, 9.5874e-05
0.127931, 0.000191748
0.128498, 9.5874e-05
0.129063, 9.5874e-05
0.129626, 9.5874e-05
0.130186, 9.5874e-05
0.130743, 9.5874e-05
0.131298, 9.5874e-05
0.131849, 9.5874e-05
0.132398, 9.5874e-05
0.132945, 9.5874e-05
0.133488, 9.5874e-05
0.134029, 9.5874e-05
0.134566, 9.5874e-05
0.135101, 9.5874e-05
0.135633, 9.5874e-05
0.136162, 9.5874e-05
0.136688, 9.5874e-05
0.13721, 9.5874e-05
0.13773, 9.5874e-05
0.138247, 9.5874e-05
0.13876, 9.5874e-05
0.13927, 9.5874e-05
0.139778, 9.5874e-05
0.140282, 9.5874e-05
0.140782, 9.5874e-05
0.14128, 9.5874e-05
0.141774, 0.000191748
0.142265, 9.5874e-05
0.142752, 9.5874e-05
0.143237, 9.5874e-05
0.143718, 9.5874e-05
0.144195, 9.5874e-05
0.144669, 9.5874e-05
0.145139, 9.5874e-05
0.145607, 0.000191748
0.14607, 9.5874e-05
0.14653, 9.5874e-05
0.146987, 9.5874e-05
0.14744, 9.5874e-05
0.147889, 0.000191748
0.148335, 9.5874e-05
0.148777, 0.000191748
0.149215, 9.5874e-05
0.14965, 9.5874e-05
0.150081, 9.5874e-05
0.150509, 9.5874e-05
0.150933, 9.5874e-05
0.151353, 9.5874e-05
0.151769, 9.5874e-05
0.152181, 9.5874e-05
0.15259, 9.5874e-05
0.152995, 9.5874e-05
0.153396, 9.5874e-05
0.153793, 9.5874e-05
0.154187, 9.5874e-05
0.154576, 9.5874e-05
0.154962, 9.5874e-05
0.155344, 9.5874e-05
0.155722, 9.5874e-05
0.156096, 9.5874e-05
0.156466, 9.5874e-05
0.156832, 9.5874e-05
0.157194, 9.5874e-05
0.157553, 9.5874e-05
0.157907, 9.5874e-05
0.158258, 9.5874e-05
0.158604, 9.5874e-05
0.158946, 9.5874e-05
0.159285, 0.000191748
0.159619, 9.5874e-05
0.15995, 9.5874e-05
0.160276, 9.5874e-05
0.160599, 9.5874e-05
0.160917, 9.5874e-05
0.161231, 9.5874e-05
0.161542, 9.5874e-05
0.161848, 9.5874e-05
0.16215, 9.5874e-05
0.162449, 9.5874e-05
0.162743, 9.5874e-05
0.163033, 9.5874e-05
0.163319, 9.5874e-05
0.163602, 9.5874e-05
0.16388, 9.5874e-05
0.164154, 9.5874e-05
0.164424, 9.5874e-05
0.16469, 9.5874e-05
0.164952, 9.5874e-05
0.16521, 9.5874e-05
0.165464, 9.5874e-05
0.165714, 9.5874e-05
0.16596, 9.5874e-05
0.166202, 9.5874e-05
0.16644, 9.5874e-05
0.166674, 0.000191748
0.166905, 9.5874e-05
0.167131, 9.5874e-05
0.167353, 9.5874e-05
0.167571, 9.5874e-05
0.167786, 9.5874e-05
0.167996, 0.000191748
0.168203, 0.000191748
0.168405, 9.5874e-05
0.168604, 9.5874e-05
0.168799, 9.5874e-05
0.16899, 9.5874e-05
0.169177, 9.5874e-05
0.169361, 9.5874e-05
0.16954, 9.5874e-05
0.169716, 9.5874e-05
0.169888, 9.5874e-05
0.170057, 9.5874e-05
0.170221, 9.5874e-05
0.170382, 9.5874e-05
0.17054, 9.5874e-05
0.170693, 0.000191748
0.170843, 9.5874e-05
0.17099, 9.5874e-05
0.171132, 0.000191748
0.171272, 9.5874e-05
0.171407, 9.5874e-05
0.171539, 9.5874e-05
0.171668, 0.000191748
0.171793, 9.5874e-05
0.171915, 9.5874e-05
0.172034, 0.000191748
0.172149, 9.5874e-05
0.172261, 9.5874e-05
0.172369, 9.5874e-05
0.172474, 9.5874e-05
0.172576, 9.5874e-05
0.172675, 9.5874e-05
0.172771, 9.5874e-05
0.172863, 9.5874e-05
0.172953, 9.5874e-05
0.173039, 9.5874e-05
0.173122, 9.5874e-05
0.173203, 9.5874e-05
0.17328, 9.5874e-05
0.173355, 9.5874e-05
0.173426, 9.5874e-05
0.173495, 9.5874e-05
0.173561, 9.5874e-05
0.173624, 9.5874e-05
0.173685, 9.5874e-05
0.173743, 9.5874e-05
0.173799, 9.5874e-05
0.173851, 9.5874e-05
0.173902, 0.000191748
0.17395, 9.5874e-05
0.173995, 9.5874e-05
0.174039, 9.5874e-05
0.17408, 9.5874e-05
0.174118, 9.5874e-05
0.174155, 9.5874e-05
0.174189, 9.5874e-05
0.174221, 9.5874e-05
0.174252, 9.5874e-05
0.17428, 9.5874e-05
0.174306, 9.5874e-05
0.174331, 9.5874e-05
0.174354, 9.5874e-05
0.174375, 9.5874e-05
0.174394, 9.5874e-05
0.174412, 9.5874e-05
0.174428, 9.5874e-05
0.174443, 9.5874e-05
0.174456, 9.5874e-05
0.174468, 9.5874e-05
0.174478, 9.5874e-05
0.174488, 9.5874e-05
0.174496, 9.5874e-05
0.174503, 0.000191748
0.17451, 9.5874e-05
0.174515, 9.5874e-05
0.174519, 9.5874e-05
0.174523, 9.5874e-05
0.174526, 9.5874e-05
0.174528, 9.5874e-05
0.17453, 9.5874e-05
0.174531, 9.5874e-05
0.174532, 9.5874e-05
0.174533, 9.5874e-05
0.174533, 9.5874e-05
0.174533, 9.5874e-05
0.174533, 9.5874e-05
0.174533, 9.5874e-05
0.174533, 9.5874e-05
0.174533, 9.5874e-05
0.174533, 9.5874e-05
0.174533, 9.5874e-05
0.174533, 9.5874e-05
0.174533, 9.5874e-05
0.174533, 9.5874e-05
0.174533, 9.5874e-05
0.174533, 9.5874e-05
0.174533, 9.5874e-05
0.174533, 0.000191748
0.174533, 9.5874e-05
0.174533, 9.5874e-05
0.174533, 9.5874e-05
0.174533, 9.5874e-05
0.174533, 9.5874e-05
0.174533, 9.5874e-05
0.174533, 9.5874e-05
0.174533, 9.5874e-05
0.174533, 9.5874e-05
0.174533, 9.5874e-05
0.174533, 9.5874e-05
0.174533, 9.5874e-05
0.174533, 9.5874e-05
0.174533, 9.5874e-05
0.174533, 9.5874e-05
0.174533, 9.5874e-05
0.174533, 9.5874e-05
0.174533, 0.000191748
0.174533, 9.5874e-05
0.174533, 9.5874e-05
0.174533, 9.5874e-05
0.174533, 9.5874e-05
0.174533, 0.000191748
0.174533, 9.5874e-05
0.174533, 9.5874e-05
0.174533, 0.000191748
0.174533, 9.5874e-05
0.174533, 9.5874e-05
0.174533, 9.5874e-05
0.174533, 9.5874e-05
0.174533, 9.5874e-05
0.174533, 9.5874e-05
0.174533, 9.5874e-05
0.174533, 9.5874e-05
0.174533, 9.5874e-05
0.174533, 0.000191748
0.174533, 9.5874e-05
0.174533, 9.5874e-05
0.174533, 9.5874e-05
0.174533, 9.5874e-05
0.174533, 9.5874e-05
0.174533, 9.5874e-05
0.174533, 9.5874e-05
0.174533, 9.5874e-05
0.174533, 9.5874e-05
0.174533, 0.000191748
0.174533, 0.000191748
0.174533, 0.000191748
0.174533, 9.5874e-05
0.174533, 9.5874e-05
0.174533, 9.5874e-05
0.174533, 9.5874e-05
0.174533, 9.5874e-05
0.174533, 9.5874e-05
0.174533, 9.5874e-05
0.174533, 9.5874e-05
0.174533, 9.5874e-05
0.174533, 9.5874e-05
0.174533, 0.000191748
0.174533, 9.5874e-05
0.174533, 9.5874e-05
0.174533, 9.5874e-05
0.174533, 9.5874e-05
0.174533, 9.5874e-05
0.174533, 9.5874e-05
0.174533, 9.5874e-05
0.174533, 9.5874e-05
0.174533, 9.5874e-05
0.174533, 9.5874e-05
0.174533, 9.5874e-05
0.174533, 9.5874e-05
0.174533, 9.5874e-05
0.174533, 9.5874e-05
0.174533, 9.5874e-05
0.174533, 9.5874e-05
0.174533, 9.5874e-05
0.174533, 9.5874e-05
0.174533, 9.5874e-05
0.174533, 9.5874e-05
0.174533, 9.5874e-05
0.174533, 9.5874e-05
0.174533, 9.5874e-05
0.174533, 9.5874e-05
0.174533, 9.5874e-05
0.174533, 9.5874e-05
0.174533, 9.5874e-05
0.174533, 9.5874e-05
0.174533, 9.5874e-05
0.174533, 0.000191748
0.174533, 9.5874e-05
0.174533, 9.5874e-05
0.174533, 9.5874e-05
0.174533, 9.5874e-05
0.174533, 9.5874e-05
0.174533, 9.5874e-05
0.174533, 0.000191748
0.174533, 9.5874e-05
0.174533, 9.5874e-05
0.174533, 9.5874e-05
0.174533, 9.5874e-05
0.174533, 9.5874e-05
0.174533, 9.5874e-05
0.174533, 9.5874e-05
0.174533, 9.5874e-05
0.174533, 9.5874e-05
0.174533, 9.5874e-05
0.174533, 9.5874e-05
0.174533, 9.5874e-05
0.174533, 9.5874e-05
0.174533, 9.5874e-05
0.174533, 9.5874e-05
0.174533, 0.000191748
0.174533, 9.5874e-05
0.174533, 9.5874e-05
0.174533, 9.5874e-05
0.174533, 9.5874e-05
0.174533, 0.000191748
0.174533, 9.5874e-05
0.174533, 9.5874e-05
0.174533, 9.5874e-05
0.174533, 9.5874e-05
0.174533, 9.5874e-05
0.174533, 9.5874e-05
0.174533, 9.5874e-05
0.174533, 9.5874e-05
0.174533, 9.5874e-05
0.174533, 9.5874e-05
0.174533, 9.5874e-05
0.174533, 9.5874e-05
0.174533, 9.5874e-05
0.174533, 9.5874e-05
0.174533, 9.5874e-05
0.174533, 9.5874e-05
0.174533, 9.5874e-05
0.174533, 9.5874e-05
0.174533, 9.5874e-05
0.174533, 9.5874e-05
0.174533, 9.5874e-05
0.174533, 0.000191748
0.174533, 9.5874e-05
0.174533, 9.5874e-05
0.174533, 9.5874e-05
0.174533, 9.5874e-05
0.174533, 9.5874e-05
0.174533, 9.5874e-05
0.174533, 9.5874e-05
0.174533, 9.5874e-05
0.174533, 9.5874e-05
0.174533, 9.5874e-05
0.174533, 9.5874e-05
0.174533, 0
0.174533, 9.5874e-05
0.174533, 9.5874e-05
0.174533, 9.5874e-05
0.174533, 9.5874e-05
0.174533, 9.5874e-05
0.174533, 9.5874e-05
0.174533, 9.5874e-05
0.174533, 9.5874e-05
0.174533, 9.5874e-05
0.174533, 9.5874e-05
0.174533, 9.5874e-05
0.174533, 9.5874e-05
0.174533, 9.5874e-05
0.174533, 9.5874e-05
0.174533, 9.5874e-05
0.174533, 9.5874e-05
0.174533, 9.5874e-05
0.174533, 9.5874e-05
0.174533, 9.5874e-05
0.174533, 9.5874e-05
0.174533, 9.5874e-05
0.174533, 9.5874e-05
0.174533, 9.5874e-05
0.174533, 9.5874e-05
0.174533, 9.5874e-05
0.174533, 9.5874e-05
0.174533, 9.5874e-05
0.174533, 9.5874e-05
0.174533, 9.5874e-05
0.174533, 9.5874e-05
0.174533, 9.5874e-05
0.174532, 9.5874e-05
0.174531, 9.5874e-05
0.174529, 9.5874e-05
0.174527, 9.5874e-05
0.174524, 9.5874e-05
0.174519, 9.5874e-05
0.174513, 9.5874e-05
0.174506, 0.000191748
0.174497, 9.5874e-05
0.174486, 9.5874e-05
0.174474, 9.5874e-05
0.174459, 9.5874e-05
0.174443, 9.5874e-05
0.174424, 9.5874e-05
0.174403, 9.5874e-05
0.174379, 9.5874e-05
0.174352, 9.5874e-05
0.174323, 9.5874e-05
0.17429, 0.000191748
0.174255, 9.5874e-05
0.174216, 9.5874e-05
0.174174, 9.5874e-05
0.174129, 9.5874e-05
0.17408, 9.5874e-05
0.174027, 9.5874e-05
0.17397, 9.5874e-05
0.17391, 9.5874e-05
0.173845, 9.5874e-05
0.173776, 9.5874e-05
0.173703, 9.5874e-05
0.173626, 9.5874e-05
0.173544, 9.5874e-05
0.173458, 9.5874e-05
0.173367, 9.5874e-05
0.173271, 9.5874e-05
0.17317, 9.5874e-05
0.173064, 9.5874e-05
0.172953, 9.5874e-05
0.172837, 9.5874e-05
0.172716, 9.5874e-05
0.172589, 9.5874e-05
0.172457, 9.5874e-05
0.172319, 9.5874e-05
0.172176, 9.5874e-05
0.172027, 9.5874e-05
0.171872, 9.5874e-05
0.171712, 9.5874e-05
0.171545, 9.5874e-05
0.171372, 9.5874e-05
0.171193, 9.5874e-05
0.171008, 9.5874e-05
0.170817, 9.5874e-05
0.17062, 9.5874e-05
0.170416, 9.5874e-05
0.170205, 9.5874e-05
0.169988, 9.5874e-05
0.169765, 9.5874e-05
0.169535, 9.5874e-05
0.169298, 9.5874e-05
0.169054, 9.5874e-05
0.168803, 9.5874e-05
0.168546, 9.5874e-05
0.168282, 9.5874e-05
0.16801, 9.5874e-05
0.167732, 0.000191748
0.167446, 9.5874e-05
0.167153, 9.5874e-05
0.166853, 9.5874e-05
0.166546, 9.5874e-05
0.166232, 9.5874e-05
0.16591, 9.5874e-05
0.16558, 0.000191748
0.165244, 9.5874e-05
0.164899, 9.5874e-05
0.164548, 9.5874e-05
0.164188, 9.5874e-05
0.163822, 9.5874e-05
0.163447, 9.5874e-05
0.163065, 9.5874e-05
0.162675, 9.5874e-05
0.162277, 9.5874e-05
0.161872, 9.5874e-05
0.161459, 9.5874e-05
0.161038, 9.5874e-05
0.16061, 0.000191748
0.160173, 9.5874e-05
0.159729, 9.5874e-05
0.159276, 9.5874e-05
0.158816, 9.5874e-05
0.158348, 9.5874e-05
0.157872, 9.5874e-05
0.157388, 9.5874e-05
0.156895, 0.000191748
0.156395, 0.000191748
0.155887, 9.5874e-05
0.155371, 9.5874e-05
0.154847, 9.5874e-05
0.154315, 9.5874e-05
0.153775, 9.5874e-05
0.153227, 9.5874e-05
0.15267, 9.5874e-05
0.152106, 9.5874e-05
0.151534, 9.5874e-05
0.150953, 9.5874e-05
0.150365, 9.5874e-05
0.149768, 9.5874e-05
0.149163, 9.5874e-05
0.148551, 9.5874e-05
0.14793, 9.5874e-05
0.147301, 9.5874e-05
0.146664, 9.5874e-05
0.146019, 9.5874e-05
0.145366, 9.5874e-05
0.144706, 9.5874e-05
0.144037, 9.5874e-05
0.14336, 9.5874e-05
0.142675, 9.5874e-05
0.141982, 0.000191748
0.141281, 9.5874e-05
0.140573, 9.5874e-05
0.139856, 9.5874e-05
0.139132, 9.5874e-05
0.138399, 9.5874e-05
0.137659, 0.000191748
0.136911, 9.5874e-05
0.136155, 9.5874e-05
0.135391, 9.5874e-05
0.13462, 9.5874e-05
0.133841, 9.5874e-05
0.133054, 9.5874e-05
0.132259, 9.5874e-05
0.131457, 9.5874e-05
0.130647, 9.5874e-05
0.12983, 9.5874e-05
0.129005, 9.5874e-05
0.128172, 9.5874e-05
0.127332, 9.5874e-05
0.126485, 0.000191748
0.12563, 9.5874e-05
0.124768, 0.000191748
0.123898, 0.000191748
0.123021, 9.5874e-05
0.122137, 9.5874e-05
0.121245, 9.5874e-05
0.120346, 9.5874e-05
0.11944, 9.5874e-05
0.118527, 0.000191748
0.117607, 9.5874e-05
0.11668, 0.000191748
0.115746, 9.5874e-05
0.114805, 0.000191748
0.113857, 9.5874e-05
0.112902, 9.5874e-05
0.11194, 9.5874e-05
0.110972, 9.5874e-05
0.109997, 9.5874e-05
0.109015, 0.000191748
0.108027, 0
0.107032, 9.5874e-05
0.10603, 9.5874e-05
0.105022, 9.5874e-05
0.104008, 9.5874e-05
0.102987, 9.5874e-05
0.10196, 9.5874e-05
0.100927, 9.5874e-05
0.0998877, 9.5874e-05
0.0988421, 9.5874e-05
0.0977905, 9.5874e-05
0.0967329, 9.5874e-05
0.0956693, 9.5874e-05
0.0945998, 9.5874e-05
0.0935244, 9.5874e-05
0.0924433, 9.5874e-05
0.0913565, 9.5874e-05
0.090264, 9.5874e-05
0.0891659, 9.5874e-05
0.0880623, 9.5874e-05
0.0869532, 9.5874e-05
0.0858388, 9.5874e-05
0.0847189, 9.5874e-05
0.0835938, 9.5874e-05
0.0824635, 9.5874e-05
0.0813281, 9.5874e-05
0.0801875, 9.5874e-05
0.079042, 9.5874e-05
0.0778915, 9.5874e-05
0.0767362, 9.5874e-05
0.075576, 9.5874e-05
0.0744111, 0.000191748
0.0732415, 9.5874e-05
0.0720674, 9.5874e-05
0.0708887, 9.5874e-05
0.0697055, 9.5874e-05
0.068518, 9.5874e-05
0.0673262, 0.000191748
0.0661301, 9.5874e-05
0.0649298, 9.5874e-05
0.0637255, 9.5874e-05
0.0625171, 9.5874e-05
0.0613048, 9.5874e-05
0.0600886, 9.5874e-05
0.0588686, 9.5874e-05
0.0576449, 9.5874e-05
0.0564175, 0.000191748
0.0551866, 9.5874e-05
0.0539522, 9.5874e-05
0.0527143, 9.5874e-05
0.0514731, 9.5874e-05
0.0502287, 9.5874e-05
0.048981, 0.000191748
0.0477303, 9.5874e-05
0.0464765, 9.5874e-05
0.0452198, 9.5874e-05
0.0439602, 9.5874e-05
0.0426977, 9.5874e-05
0.0414326, 9.5874e-05
0.0401649, 9.5874e-05
0.0388945, 9.5874e-05
0.0376218, 9.5874e-05
0.0363466, 9.5874e-05
0.0350691, 9.5874e-05
0.0337893, 9.5874e-05
0.0325074, 9.5874e-05
0.0312234, 9.5874e-05
0.0299375, 9.5874e-05
0.0286496, 9.5874e-05
0.0273599, 9.5874e-05
0.0260685, 9.5874e-05
0.0247753, 9.5874e-05
0.0234806, 9.5874e-05
0.0221844, 9.5874e-05
0.0208868, 9.5874e-05
0.0195879, 9.5874e-05
0.0182877, 9.5874e-05
0.0169863, 9.5874e-05
0.0156839, 9.5874e-05
0.0143804, 9.5874e-05
0.013076, 0.000191748
0.0117708, 9.5874e-05
0.0104648, 9.5874e-05
0.00915819, 0.000191748
0.00785097, 9.5874e-05
0.00654324, 0.000191748
0.00523509, 9.5874e-05
0.00392661, 9.5874e-05
0.00261788, 0.000191748
0.00130898, 9.5874e-05
-1.38778e-17, 9.5874e-05
-0.00130898, 9.5874e-05
-0.00261788, 9.5874e-05
-0.00392661, 9.5874e-05
-0.00523509, 9.5874e-05
-0.00654324, 9.5874e-05
-0.00785097, 9.5874e-05
-0.00915819, 9.5874e-05
-0.0104648, 9.5874e-05
-0.0117708, 0.000191748
-0.013076, 0.000191748
-0.0143804, 9.5874e-05
-0.0156839, 0.000191748
-0.0169863, 9.5874e-05
-0.0182877, 9.5874e-05
-0.0195879, 9.5874e-05
-0.0208868, 9.5874e-05
-0.0221844, 9.5874e-05
-0.0234806, 9.5874e-05
-0.0247753, 9.5874e-05
-0.0260685, 9.5874e-05
-0.0273599, 9.5874e-05
-0.0286496, 9.5874e-05
-0.0299375, 9.5874e-05
-0.0312234, 9.5874e-05
-0.0325074, 9.5874e-05
-0.0337893, 9.5874e-05
-0.0350691, 9.5874e-05
-0.0363466, 9.5874e-05
-0.0376218, 9.5874e-05
-0.0388945, 9.5874e-05
-0.0401649, 9.5874e-05
-0.0414326, 9.5874e-05
-0.0426977, 9.5874e-05
-0.0439602, 9.5874e-05
-0.0452198, 9.5874e-05
-0.0464765, 9.5874e-05
-0.0477303, 9.5874e-05
-0.048981, 0.000191748
-0.0502287, 9.5874e-05
-0.0514731, 9.5874e-05
-0.0527143, 9.5874e-05
-0.0539522, 9.5874e-05
-0.0551866, 9.5874e-05
-0.0564175, 9.5874e-05
-0.0576449, 9.5874e-05
-0.0588686, 0.000191748
-0.0600886, 9.5874e-05
-0.0613048, 9.5874e-05
-0.0625171, 9.5874e-05
-0.0637255, 9.5874e-05
-0.0649298, 0.000191748
-0.0661301, 9.5874e-05
-0.0673262, 9.5874e-05
-0.068518, 9.5874e-05
-0.0697055, 0.000191748
-0.0708887, 9.5874e-05
-0.0720674, 0.000191748
-0.0732415, 9.5874e-05
-0.0744111, 9.5874e-05
-0.075576, 9.5874e-05
-0.0767362, 9.5874e-05
-0.0778915, 9.5874e-05
-0.079042, 9.5874e-05
-0.0801875, 9.5874e-05
-0.0813281, 9.5874e-05
-0.0824635, 9.5874e-05
-0.0835938, 9.5874e-05
-0.0847189, 9.5874e-05
-0.0858388, 9.5874e-05
-0.0869532, 9.5874e-05
-0.0880623, 9.5874e-05
-0.0891659, 9.5874e-05
-0.090264, 9.5874e-05
-0.0913565, 9.5874e-05
-0.0924433, 9.5874e-05
-0.0935244, 9.5874e-05
-0.0945998, 9.5874e-05
-0.0956693, 9.5874e-05
-0.0967329, 9.5874e-05
-0.0977905, 9.5874e-05
-0.0988421, 9.5874e-05
-0.0998877, 9.5874e-05
-0.100927, 9.5874e-05
-0.10196, 9.5874e-05
-0.102987, 9.5874e-05
-0.104008, 9.5874e-05
-0.105022, 9.5874e-05
-0.10603, 9.5874e-05
-0.107032, 9.5874e-05
-0.108027, 9.5874e-05
-0.109015, 0.000191748
-0.109997, 9.5874e-05
-0.110972, 9.5874e-05
-0.11194, 9.5874e-05
-0.112902, 9.5874e-05
-0.113857, 9.5874e-05
-0.114805, 9.5874e-05
-0.115746, 9.5874e-05
-0.11668, 9.5874e-05
-0.117607, 9.5874e-05
-0.118527, 9.5874e-05
-0.11944, 0.000191748
-0.120346, 9.5874e-05
-0.121245, 9.5874e-05
-0.122137, 9.5874e-05
-0.123021, 9.5874e-05
-0.123898, 9.5874e-05
-0.124768, 9.5874e-05
-0.12563, 9.5874e-05
-0.126485, 9.5874e-05
-0.127332, 9.5874e-05
-0.128172, 9.5874e-05
-0.129005, 9.5874e-05
-0.12983, 9.5874e-05
-0.130647, 9.5874e-05
-0.131457, 9.5874e-05
-0.132259, 9.5874e-05
-0.133054, 0.000191748
-0.133841, 9.5874e-05
-0.13462, 9.5874e-05
-0.135391, 9.5874e-05
-0.136155, 9.5874e-05
-0.136911, 0.000191748
-0.137659, 9.5874e-05
-0.138399, 0.000191748
-0.139132, 9.5874e-05
-0.139856, 9.5874e-05
-0.140573, 9.5874e-05
-0.141281, 9.5874e-05
-0.141982, 9.5874e-05
-0.142675, 9.5874e-05
-0.14336, 9.5874e-05
-0.144037, 9.5874e-05
-0.144706, 0.000191748
-0.145366, 9.5874e-05
-0.146019, 9.5874e-05
-0.146664, 9.5874e-05
-0.147301, 9.5874e-05
-0.14793, 9.5874e-05
-0.148551, 9.5874e-05
-0.149163, 9.5874e-05
-0.149768, 9.5874e-05
-0.150365, 0.000191748
-0.150953, 9.5874e-05
-0.151534, 9.5874e-05
-0.152106, 9.5874e-05
-0.15267, 9.5874e-05
-0.153227, 9.5874e-05
-0.153775, 9.5874e-05
-0.154315, 9.5874e-05
-0.154847, 9.5874e-05
-0.155371, 9.5874e-05
-0.155887, 9.5874e-05
-0.156395, 9.5874e-05
-0.156895, 9.5874e-05
-0.157388, 9.5874e-05
-0.157872, 9.5874e-05
-0.158348, 9.5874e-05
-0.158816, 9.5874e-05
-0.159276, 9.5874e-05
-0.159729, 9.5874e-05
-0.160173, 9.5874e-05
-0.16061, 9.5874e-05
-0.161038, 9.5874e-05
-0.161459, 9.5874e-05
-0.161872, 9.5874e-05
-0.162277, 9.5874e-05
-0.162675, 0.000191748
-0.163065, 9.5874e-05
-0.163447, 9.5874e-05
-0.163822, 9.5874e-05
-0.164188, 9.5874e-05
-0.164548, 9.5874e-05
-0.164899, 9.5874e-05
-0.165244, 9.5874e-05
-0.16558, 9.5874e-05
-0.16591, 0.000191748
-0.166232, 9.5874e-05
-0.166546, 9.5874e-05
-0.166853, 9.5874e-05
-0.167153, 9.5874e-05
-0.167446, 9.5874e-05
-0.167732, 9.5874e-05
-0.16801, 9.5874e-05
-0.168282, 9.5874e-05
-0.168546, 9.5874e-05
-0.168803, 9.5874e-05
-0.169054, 9.5874e-05
-0.169298, 9.5874e-05
-0.169535, 9.5874e-05
-0.169765, 9.5874e-05
-0.169988, 9.5874e-05
-0.170205, 9.5874e-05
-0.170416, 9.5874e-05
-0.17062, 9.5874e-05
-0.170817, 9.5874e-05
-0.171008, 9.5874e-05
-0.171193, 9.5874e-05
-0.171372, 9.5874e-05
-0.171545, 9.5874e-05
-0.171712, 9.5874e-05
-0.171872, 0.000191748
-0.172027, 9.5874e-05
-0.172176, 9.5874e-05
-0.172319, 9.5874e-05
-0.172457, 9.5874e-05
-0.172589, 9.5874e-05
-0.172716, 9.5874e-05
-0.172837, 0.000191748
-0.172953, 9.5874e-05
-0.173064, 9.5874e-05
-0.17317, 9.5874e-05
-0.173271, 9.5874e-05
-0.173367, 9.5874e-05
-0.173458, 9.5874e-05
-0.173544, 9.5874e-05
-0.173626, 9.5874e-05
-0.173703, 9.5874e-05
-0.173776, 9.5874e-05
-0.173845, 9.5874e-05
-0.17391, 9.5874e-05
-0.17397, 9.5874e-05
-0.174027, 9.5874e-05
-0.17408, 9.5874e-05
-0.174129, 9.5874e-05
-0.174174, 9.5874e-05
-0.174216, 9.5874e-05
-0.174255, 9.5874e-05
-0.17429, 9.5874e-05
-0.174323, 9.5874e-05
-0.174352, 0.000191748
-0.174379, 9.5874e-05
-0.174403, 0.000191748
-0.174424, 0.000191748
-0.174443, 9.5874e-05
-0.174459, 9.5874e-05
-0.174474, 9.5874e-05
-0.174486, 9.5874e-05
-0.174497, 9.5874e-05
-0.174506, 9.5874e-05
-0.174513, 9.5874e-05
-0.174519, 9.5874e-05
-0.174524, 9.5874e-05
-0.174527, 9.5874e-05
-0.174529, 9.5874e-05
-0.174531, 9.5874e-05
-0.174532, 9.5874e-05
-0.174533, 9.5874e-05
-0.174533, 9.5874e-05
-0.174533, 9.5874e-05
-0.174533, 9.5874e-05
-0.174533, 9.5874e-05
-0.174533, 9.5874e-05
-0.174533, 9.5874e-05
-0.174533, 9.5874e-05
-0.174533, 0.000191748
-0.174533, 9.5874e-05
-0.174533, 0.000191748
-0.174533, 9.5874e-05
-0.174533, 9.5874e-05
-0.174533, 9.5874e-05
-0.174533, 9.5874e-05
-0.174533, 0.000191748
-0.174533, 9.5874e-05
-0.174533, 9.5874e-05
-0.174533, 9.5874e-05
-0.174533, 9.5874e-05
-0.174533, 9.5874e-05
-0.174533, 9.5874e-05
-0.174533, 9.5874e-05
-0.174533, 9.5874e-05
-0.174533, 9.5874e-05
-0.174533, 9.5874e-05
-0.174533, 9.5874e-05
-0.174533, 9.5874e-05
-0.174533, 9.5874e-05
-0.174533, 9.5874e-05
-0.174533, 9.5874e-05
-0.174533, 9.5874e-05
-0.174533, 9.5874e-05
-0.174533, 9.5874e-05
-0.174533, 9.5874e-05
-0.174533, 9.5874e-05
-0.174533, 9.5874e-05
-0.174533, 9.5874e-05
-0.174533, 9.5874e-05
-0.174533, 9.5874e-05
-0.174533, 9.5874e-05
-0.174533, 9.5874e-05
-0.174533, 9.5874e-05
-0.174533, 0.000191748
-0.174533, 9.5874e-05
-0.174533, 9.5874e-05
-0.174533, 9.5874e-05
-0.174533, 9.5874e-05
-0.174533, 9.5874e-05
-0.174533, 9.5874e-05
-0.174533, 9.5874e-05
-0.174533, 9.5874e-05
-0.174533, 9.5874e-05
-0.174533, 9.5874e-05
-0.174533, 9.5874e-05
-0.174533, 9.5874e-05
-0.174533, 9.5874e-05
-0.174533, 9.5874e-05
-0.174533, 9.5874e-05
-0.174533, 9.5874e-05
-0.174533, 9.5874e-05
-0.174533, 9.5874e-05
-0.174533, 9.5874e-05
-0.174533, 9.5874e-05
-0.174533, 9.5874e-05
-0.174533, 9.5874e-05
-0.174533, 0.000191748
-0.174533, 9.5874e-05
-0.174533, 9.5874e-05
-0.174533, 0.000191748
-0.174533, 9.5874e-05
-0.174533, 9.5874e-05
-0.174533, 9.5874e-05
-0.174533, 9.5874e-05
-0.174533, 9.5874e-05
-0.174533, 9.5874e-05
-0.174533, 9.5874e-05
-0.174533, 9.5874e-05
-0.174533, 9.5874e-05
-0.174533, 9.5874e-05
-0.174533, 9.5874e-05
-0.174533, 9.5874e-05
-0.174533, 9.5874e-05
-0.174533, 9.5874e-05
-0.174533, 9.5874e-05
-0.174533, 9.5874e-05
-0.174533, 9.5874e-05
-0.174533, 9.5874e-05
-0.174533, 9.5874e-05
-0.174533, 9.5874e-05
-0.174533, 9.5874e-05
-0.174533, 9.5874e-05
-0.174533, 9.5874e-05
-0.174533, 0.000191748
-0.174533, 9.5874e-05
-0.174533, 0.000191748
-0.174533, 9.5874e-05
-0.174533, 9.5874e-05
-0.174533, 9.5874e-05
-0.174533, 9.5874e-05
-0.174533, 9.5874e-05
-0.174533, 9.5874e-05
-0.174533, 9.5874e-05
-0.174533, 9.5874e-05
-0.174533, 9.5874e-05
-0.174533, 9.5874e-05
-0.174533, 9.5874e-05
-0.174533, 9.5874e-05
-0.174533, 9.5874e-05
-0.174533, 9.5874e-05
-0.174533, 9.5874e-05
-0.174533, 9.5874e-05
-0.174533, 9.5874e-05
-0.174533, 9.5874e-05
-0.174533, 9.5874e-05
-0.174533, 9.5874e-05
-0.174533, 9.5874e-05
-0.174533, 9.5874e-05
-0.174533, 9.5874e-05
-0.174533, 9.5874e-05
-0.174533, 9.5874e-05
-0.174533, 9.5874e-05
-0.174533, 9.5874e-05
-0.174533, 9.5874e-05
-0.174533, 9.5874e-05
-0.174533, 9.5874e-05
-0.174533, 9.5874e-05
-0.174533, 9.5874e-05
-0.174533, 9.5874e-05
-0.174533, 9.5874e-05
-0.174533, 9.5874e-05
-0.174533, 9.5874e-05
-0.174533, 9.5874e-05
-0.174533, 9.5874e-05
-0.174533, 9.5874e-05
-0.174533, 9.5874e-05
-0.174533, 9.5874e-05
-0.174533, 0.000191748
-0.174533, 9.5874e-05
-0.174533, 9.5874e-05
-0.174533, 9.5874e-05
-0.174533, 9.5874e-05
-0.174533, 9.5874e-05
-0.174533, 9.5874e-05
-0.174533, 9.5874e-05
-0.174533, 9.5874e-05
-0.174533, 9.5874e-05
-0.174533, 9.5874e-05
-0.174533, 9.5874e-05
-0.174533, 9.5874e-05
-0.174533, 9.5874e-05
-0.174533, 9.5874e-05
-0.174533, 0.000191748
-0.174533, 0.000191748
-0.174533, 9.5874e-05
-0.174533, 9.5874e-05
-0.174533, 9.5874e-05
-0.174533, 9.5874e-05
-0.174533, 0.000191748
-0.174533, 9.5874e-05
-0.174533, 9.5874e-05
-0.174533, 9.5874e-05
-0.174533, 9.5874e-05
-0.174533, 9.5874e-05
-0.174533, 9.5874e-05
-0.174533, 9.5874e-05
-0.174533, 9.5874e-05
-0.174533, 9.5874e-05
-0.174533, 9.5874e-05
-0.174533, 9.5874e-05
-0.174533, 0
-0.174533, 9.5874e-05
-0.174533, 9.5874e-05
-0.174533, 9.5874e-05
-0.174533, 9.5874e-05
-0.174533, 0
-0.174533, 9.5874e-05
-0.174533, 9.5874e-05
-0.174533, 9.5874e-05
-0.174533, 9.5874e-05
-0.174533, 9.5874e-05
-0.174533, 9.5874e-05
-0.174533, 0.000191748
-0.174533, 9.5874e-05
-0.174533, 9.5874e-05
-0.174533, 9.5874e-05
-0.174533, 0.000191748
-0.174533, 0.000191748
-0.174533, 0.000191748
-0.174533, 0.000191748
-0.174533, 9.5874e-05
-0.174533, 9.5874e-05
-0.174533, 9.5874e-05
-0.174533, 0.000191748
-0.174533, 9.5874e-05
-0.174533, 9.5874e-05
-0.174533, 9.5874e-05
-0.174533, 9.5874e-05
-0.174533, 9.5874e-05
-0.174532, 9.5874e-05
-0.174531, 9.5874e-05
-0.17453, 9.5874e-05
-0.174528, 9.5874e-05
-0.174526, 0.000191748
-0.174523, 9.5874e-05
-0.174519, 9.5874e-05
-0.174515, 9.5874e-05
-0.17451, 9.5874e-05
-0.174503, 9.5874e-05
-0.174496, 9.5874e-05
-0.174488, 9.5874e-05
-0.174478, 0.000191748
-0.174468, 9.5874e-05
-0.174456, 9.5874e-05
-0.174443, 9.5874e-05
-0.174428, 9.5874e-05
-0.174412, 9.5874e-05
-0.174394, 9.5874e-05
-0.174375, 9.5874e-05
-0.174354, 9.5874e-05
-0.174331, 9.5874e-05
-0.174306, 9.5874e-05
-0.17428, 9.5874e-05
-0.174252, 9.5874e-05
-0.174221, 9.5874e-05
-0.174189, 9.5874e-05
-0.174155, 9.5874e-05
-0.174118, 9.5874e-05
-0.17408, 9.5874e-05
-0.174039, 9.5874e-05
-0.173995, 9.5874e-05
-0.17395, 9.5874e-05
-0.173902, 9.5874e-05
-0.173851, 9.5874e-05
-0.173799, 9.5874e-05
-0.173743, 9.5874e-05
-0.173685, 9.5874e-05
-0.173624, 9.5874e-05
-0.173561, 9.5874e-05
-0.173495, 9.5874e-05
-0.173426, 9.5874e-05
-0.173355, 9.5874e-05
-0.17328, 9.5874e-05
-0.173203, 9.5874e-05
-0.173122, 9.5874e-05
-0.173039, 9.5874e-05
-0.172953, 9.5874e-05
-0.172863, 0.000191748
-0.172771, 9.5874e-05
-0.172675, 9.5874e-05
-0.172576, 9.5874e-05
-0.172474, 9.5874e-05
-0.172369, 9.5874e-05
-0.172261, 9.5874e-05
-0.172149, 0.000191748
-0.172034, 9.5874e-05
-0.171915, 9.5874e-05
-0.171793, 9.5874e-05
-0.171668, 9.5874e-05
-0.171539, 9.5874e-05
-0.171407, 9.5874e-05
-0.171272, 9.5874e-05
-0.171132, 0.000191748
-0.17099, 9.5874e-05
-0.170843, 9.5874e-05
-0.170693, 0.000191748
-0.17054, 9.5874e-05
-0.170382, 9.5874e-05
-0.170221, 9.5874e-05
-0.170057, 9.5874e-05
-0.169888, 9.5874e-05
-0.169716, 9.5874e-05
-0.16954, 9.5874e-05
-0.169361, 0.000191748
-0.169177, 9.5874e-05
-0.16899, 0.000191748
-0.168799, 0.000191748
-0.168604, 9.5874e-05
-0.168405, 9.5874e-05
-0.168203, 9.5874e-05
-0.167996, 9.5874e-05
-0.167786, 9.5874e-05
-0.167571, 9.5874e-05
-0.167353, 9.5874e-05
-0.167131, 9.5874e-05
-0.166905, 9.5874e-05
-0.166674, 9.5874e-05
-0.16644, 9.5874e-05
-0.166202, 9.5874e-05
-0.16596, 9.5874e-05
-0.165714, 0.000191748
-0.165464, 9.5874e-05
-0.16521, 9.5874e-05
-0.164952, 9.5874e-05
-0.16469, 9.5874e-05
-0.164424, 9.5874e-05
-0.164154, 9.5874e-05
-0.16388, 9.5874e-05
-0.163602, 9.5874e-05
-0.163319, 9.5874e-05
-0.163033, 0.000191748
-0.162743, 9.5874e-05
-0.162449, 9.5874e-05
-0.16215, 9.5874e-05
-0.161848, 9.5874e-05
-0.161542, 9.5874e-05
-0.161231, 9.5874e-05
-0.160917, 9.5874e-05
-0.160599, 9.5874e-05
-0.160276, 9.5874e-05
-0.15995, 0.000191748
-0.159619, 9.5874e-05
-0.159285, 9.5874e-05
-0.158946, 0.000191748
-0.158604, 9.5874e-05
-0.158258, 9.5874e-05
-0.157907, 9.5874e-05
-0.157553, 9.5874e-05
-0.157194, 0.000191748
-0.156832, 9.5874e-05
-0.156466, 9.5874e-05
-0.156096, 9.5874e-05
-0.155722, 0.000191748
-0.155344, 9.5874e-05
-0.154962, 9.5874e-05
-0.154576, 9.5874e-05
-0.154187, 9.5874e-05
-0.153793, 9.5874e-05
-0.153396, 9.5874e-05
-0.152995, 9.5874e-05
-0.15259, 9.5874e-05
-0.152181, 9.5874e-05
-0.151769, 0.000191748
-0.151353, 9.5874e-05
-0.150933, 9.5874e-05
-0.150509, 9.5874e-05
-0.150081, 9.5874e-05
-0.14965, 0.000191748
-0.149215, 9.5874e-05
-0.148777, 0.000191748
-0.148335, 9.5874e-05
-0.147889, 9.5874e-05
-0.14744, 9.5874e-05
-0.146987, 9.5874e-05
-0.14653, 9.5874e-05
-0.14607, 9.5874e-05
-0.145607, 9.5874e-05
-0.145139, 9.5874e-05
-0.144669, 9.5874e-05
-0.144195, 9.5874e-05
-0.143718, 9.5874e-05
-0.143237, 9.5874e-05
-0.142752, 9.5874e-05
-0.142265, 9.5874e-05
-0.141774, 9.5874e-05
-0.14128, 9.5874e-05
-0.140782, 9.5874e-05
-0.140282, 9.5874e-05
-0.139778, 9.5874e-05
-0.13927, 0.000191748
-0.13876, 9.5874e-05
-0.138247, 9.5874e-05
-0.13773, 9.5874e-05
-0.13721, 0.000191748
-0.136688, 9.5874e-05
-0.136162, 9.5874e-05
-0.135633, 9.5874e-05
-0.135101, 9.5874e-05
-0.134566, 9.5874e-05
-0.134029, 0.000191748
-0.133488, 9.5874e-05
-0.132945, 9.5874e-05
-0.132398, 9.5874e-05
-0.131849, 9.5874e-05
-0.131298, 9.5874e-05
-0.130743, 9.5874e-05
-0.130186, 0.000191748
-0.129626, 9.5874e-05
-0.129063, 9.5874e-05
-0.128498, 9.5874e-05
-0.127931, 0.000191748
-0.12736, 0.000191748
-0.126787, 9.5874e-05
-0.126212, 9.5874e-05
-0.125635, 9.5874e-05
-0.125054, 9.5874e-05
-0.124472, 9.5874e-05
-0.123887, 9.5874e-05
-0.1233, 9.5874e-05
-0.122711, 9.5874e-05
-0.122119, 9.5874e-05
-0.121525, 9.5874e-05
-0.12093, 9.5874e-05
-0.120331, 9.5874e-05
-0.119731, 9.5874e-05
-0.119129, 9.5874e-05
-0.118525, 9.5874e-05
-0.117919, 9.5874e-05
-0.117311, 9.5874e-05
-0.116701, 9.5874e-05
-0.116089, 9.5874e-05
-0.115475, 9.5874e-05
-0.11486, 9.5874e-05
-0.114243, 9.5874e-05
-0.113624, 9.5874e-05
-0.113003, 9.5874e-05
-0.112381, 9.5874e-05
-0.111757, 9.5874e-05
-0.111132, 9.5874e-05
-0.110505, 9.5874e-05
-0.109876, 9.5874e-05
-0.109247, 9.5874e-05
-0.108615, 9.5874e-05
-0.107983, 0.000191748
-0.107349, 9.5874e-05
-0.106714, 9.5874e-05
-0.106077, 9.5874e-05
-0.10544, 9.5874e-05
-0.104801, 9.5874e-05
-0.104161, 9.5874e-05
-0.10352, 9.5874e-05
-0.102878, 9.5874e-05
-0.102235, 9.5874e-05
-0.101591, 0.000191748
-0.100946, 9.5874e-05
-0.100301, 9.5874e-05
-0.0996541, 9.5874e-05
-0.0990068, 9.5874e-05
-0.0983587, 0.000191748
-0.0977099, 9.5874e-05
-0.0970604, 9.5874e-05
-0.0964103, 9.5874e-05
-0.0957596, 9.5874e-05
-0.0951084, 0.000191748
-0.0944567, 9.5874e-05
-0.0938045, 9.5874e-05
-0.0931519, 9.5874e-05
-0.0924989, 9.5874e-05
-0.0918456, 9.5874e-05
-0.0911919, 9.5874e-05
-0.0905381, 9.5874e-05
-0.089884, 9.5874e-05
-0.0892298, 9.5874e-05
-0.0885754, 9.5874e-05
-0.087921, 9.5874e-05
-0.0872665, 9.5874e-05
-0.086612, 9.5874e-05
-0.0859575, 9.5874e-05
-0.0853032, 9.5874e-05
-0.0846489, 9.5874e-05
-0.0839948, 9.5874e-05
-0.083341, 9.5874e-05
-0.0826874, 9.5874e-05
-0.082034, 9.5874e-05
-0.0813811, 9.5874e-05
-0.0807285, 0.000191748
-0.0800763, 9.5874e-05
-0.0794245, 9.5874e-05
-0.0787733, 9.5874e-05
-0.0781226, 9.5874e-05
-0.0774725, 9.5874e-05
-0.076823, 9.5874e-05
-0.0761742, 9.5874e-05
-0.0755261, 9.5874e-05
-0.0748788, 9.5874e-05
-0.0742322, 9.5874e-05
-0.0735865, 9.5874e-05
-0.0729417, 9.5874e-05
-0.0722977, 9.5874e-05
-0.0716547, 9.5874e-05
-0.0710128, 9.5874e-05
-0.0703718, 9.5874e-05
-0.0697319, 0.000191748
-0.0690932, 9.5874e-05
-0.0684556, 9.5874e-05
-0.0678192, 9.5874e-05
-0.067184, 9.5874e-05
-0.0665502, 9.5874e-05
-0.0659176, 9.5874e-05
-0.0652864, 9.5874e-05
-0.0646566, 9.5874e-05
-0.0640282, 9.5874e-05
-0.0634013, 9.5874e-05
-0.0627759, 9.5874e-05
-0.0621521, 9.5874e-05
-0.0615299, 9.5874e-05
-0.0609093, 9.5874e-05
-0.0602904, 0.000191748
-0.0596732, 9.5874e-05
-0.0590577, 9.5874e-05
-0.058444, 0.000191748
-0.0578322, 9.5874e-05
-0.0572222, 9.5874e-05
-0.0566141, 9.5874e-05
-0.0560079, 9.5874e-05
-0.0554037, 9.5874e-05
-0.0548016, 9.5874e-05
-0.0542014, 0.000191748
-0.0536034, 9.5874e-05
-0.0530075, 9.5874e-05
-0.0524137, 9.5874e-05
-0.0518221, 0.000191748
-0.0512328, 9.5874e-05
-0.0506457, 0.000191748
-0.0500609, 9.5874e-05
-0.0494785, 9.5874e-05
-0.0488984, 9.5874e-05
-0.0483207, 9.5874e-05
-0.0477455, 9.5874e-05
-0.0471727, 9.5874e-05
-0.0466024, 9.5874e-05
-0.0460347, 9.5874e-05
-0.0454695, 9.5874e-05
-0.044907, 9.5874e-05
-0.0443471, 9.5874e-05
-0.0437898, 9.5874e-05
-0.0432353, 9.5874e-05
-0.0426835, 9.5874e-05
-0.0421345, 9.5874e-05
-0.0415882, 9.5874e-05
-0.0410448, 9.5874e-05
-0.0405042, 9.5874e-05
-0.0399666, 9.5874e-05
-0.0394318, 9.5874e-05
-0.0389, 9.5874e-05
-0.0383712, 9.5874e-05
-0.0378454, 9.5874e-05
-0.0373226, 9.5874e-05
-0.0368029, 9.5874e-05
-0.0362863, 9.5874e-05
-0.0357728, 9.5874e-05
-0.0352625, 9.5874e-05
-0.0347553, 9.5874e-05
-0.0342513, 9.5874e-05
-0.0337506, 9.5874e-05
-0.0332531, 9.5874e-05
-0.0327589, 9.5874e-05
-0.032268, 9.5874e-05
-0.0317804, 9.5874e-05
-0.0312962, 0.000191748
-0.0308154, 0.000191748
-0.030338, 9.5874e-05
-0.029864, 9.5874e-05
-0.0293935, 9.5874e-05
-0.0289264, 9.5874e-05
-0.0284628, 9.5874e-05
-0.0280028, 9.5874e-05
-0.0275463, 9.5874e-05
-0.0270933, 9.5874e-05
-0.0266439, 9.5874e-05
-0.0261982, 9.5874e-05
-0.025756, 9.5874e-05
-0.0253175, 0.000191748
-0.0248827, 9.5874e-05
-0.0244515, 9.5874e-05
-0.0240241, 9.5874e-05
-0.0236003, 0.000191748
-0.0231803, 0.000191748
-0.0227641, 9.5874e-05
-0.0223516, 9.5874e-05
-0.0219428, 9.5874e-05
-0.0215379, 9.5874e-05
-0.0211368, 9.5874e-05
-0.0207395, 9.5874e-05
-0.0203461, 9.5874e-05
-0.0199565, 9.5874e-05
-0.0195708, 9.5874e-05
-0.019189, 9.5874e-05
-0.018811, 9.5874e-05
-0.018437, 9.5874e-05
-0.0180669, 9.5874e-05
-0.0177007, 9.5874e-05
-0.0173384, 9.5874e-05
-0.0169801, 9.5874e-05
-0.0166258, 9.5874e-05
-0.0162754, 9.5874e-05
-0.015929, 9.5874e-05
-0.0155866, 9.5874e-05
-0.0152481, 9.5874e-05
-0.0149137, 9.5874e-05
-0.0145832, 9.5874e-05
-0.0142568, 0.000191748
-0.0139343, 9.5874e-05
-0.0136159, 9.5874e-05
-0.0133015, 9.5874e-05
-0.0129911, 9.5874e-05
-0.0126848, 9.5874e-05
-0.0123825, 9.5874e-05
-0.0120842, 9.5874e-05
-0.0117899, 9.5874e-05
-0.0114997, 0.000191748
-0.0112135, 0.000191748
-0.0109313, 9.5874e-05
-0.0106532, 9.5874e-05
-0.010379, 9.5874e-05
-0.0101089, 9.5874e-05
-0.00984287, 9.5874e-05
-0.00958082, 9.5874e-05
-0.00932278, 9.5874e-05
-0.00906874, 9.5874e-05
-0.00881871, 0.000191748
-0.00857268, 9.5874e-05
-0.00833064, 9.5874e-05
-0.00809258, 9.5874e-05
-0.00785849, 9.5874e-05
-0.00762837, 9.5874e-05
-0.00740221, 9.5874e-05
-0.00717999, 9.5874e-05
-0.00696171, 0.000191748
-0.00674736, 9.5874e-05
-0.00653692, 9.5874e-05
-0.00633037, 9.5874e-05
-0.00612772, 9.5874e-05
-0.00592894, 9.5874e-05
-0.00573402, 9.5874e-05
-0.00554295, 9.5874e-05
-0.0053557, 9.5874e-05
-0.00517226, 9.5874e-05
-0.00499262, 9.5874e-05
-0.00481676, 9.5874e-05
-0.00464465, 0.000191748
-0.00447628, 9.5874e-05
-0.00431163, 9.5874e-05
-0.00415068, 9.5874e-05
-0.0039934, 9.5874e-05
-0.00383978, 9.5874e-05
-0.00368978, 9.5874e-05
-0.0035434, 9.5874e-05
-0.0034006, 0.000191748
-0.00326136, 9.5874e-05
-0.00312564, 9.5874e-05
-0.00299344, 9.5874e-05
-0.00286471, 0
-0.00273944, 9.5874e-05
-0.00261758, 9.5874e-05
-0.00249912, 9.5874e-05
-0.00238402, 9.5874e-05
-0.00227225, 9.5874e-05
-0.00216378, 9.5874e-05
-0.00205857, 9.5874e-05
-0.0019566, 9.5874e-05
-0.00185782, 9.5874e-05
-0.00176221, 9.5874e-05
-0.00166973, 9.5874e-05
-0.00158034, 9.5874e-05
-0.001494, 0.000191748
-0.00141068, 9.5874e-05
-0.00133034, 9.5874e-05
-0.00125293, 9.5874e-05
-0.00117842, 9.5874e-05
-0.00110676, 9.5874e-05
-0.00103792, 9.5874e-05
-0.000971847, 9.5874e-05
-0.000908501, 9.5874e-05
-0.000847836, 9.5874e-05
-0.000789807, 9.5874e-05
-0.000734368, 9.5874e-05
-0.000681471, 9.5874e-05
-0.000631068, 9.5874e-05
-0.000583111, 9.5874e-05
-0.00053755, 9.5874e-05
-0.000494334, 9.5874e-05
-0.000453411, 9.5874e-05
-0.000414729, 9.5874e-05
-0.000378236, 9.5874e-05
-0.000343876, 9.5874e-05
-0.000311595, 9.5874e-05
-0.000281338, 9.5874e-05
-0.000253046, 9.5874e-05
-0.000226664, 0.000191748
-0.000202131, 9.5874e-05
-0.000179389, 9.5874e-05
-0.000158377, 9.5874e-05
-0.000139034, 9.5874e-05
-0.000121298, 9.5874e-05
-0.000105106, 0.000191748
-9.03938e-05, 9.5874e-05
-7.70962e-05, 9.5874e-05
-6.51475e-05, 9.5874e-05
-5.44809e-05, 9.5874e-05
-4.50288e-05, 9.5874e-05
-3.67223e-05, 9.5874e-05
-2.9492e-05, 0.000191748
-2.32672e-05, 9.5874e-05
-1.79764e-05, 9.5874e-05
-1.35471e-05, 9.5874e-05
-9.90591e-06, 9.5874e-05
-6.97839e-06, 9.5874e-05
-4.68917e-06, 9.5874e-05
-2.9619e-06, 9.5874e-05
-1.71925e-06, 9.5874e-05
-8.8292e-07, 9.5874e-05
-3.73606e-07, 9.5874e-05
-1.11032e-07, 9.5874e-05
-1.39208e-08, 9.5874e-05
-2.22045e-16, 0.000191748
-2.22045e-16, 9.5874e-05
-2.22045e-16, 0.000191748
-2.22045e-16, 9.5874e-05
-2.22045e-16, 9.5874e-05
-2.22045e-16, 9.5874e-05
-2.22045e-16, 9.5874e-05
-2.22045e-16, 0
-2.22045e-16, 9.5874e-05
-2.22045e-16, 0.000191748
-2.22045e-16, 0.000191748
-2.22045e-16, 9.5874e-05
-2.22045e-16, 0.000191748
-2.22045e-16, 9.5874e-05
-2.22045e-16, 9.5874e-05
-2.22045e-16, 9.5874e-05
-2.22045e-16, 9.5874e-05
-2.22045e-16, 9.5874e-05
-2.22045e-16, 9.5874e-05
-2.22045e-16, 9.5874e-05
-2.22045e-16, 9.5874e-05
-2.22045e-16, 9.5874e-05
-2.22045e-16, 9.5874e-05
-2.22045e-16, 9.5874e-05
-2.22045e-16, 9.5874e-05
-2.22045e-16, 0.000191748
-2.22045e-16, 9.5874e-05
-2.22045e-16, 9.5874e-05
-2.22045e-16, 9.5874e-05
-2.22045e-16, 9.5874e-05
-2.22045e-16, 9.5874e-05
-2.22045e-16, 0.000191748
-2.22045e-16, 9.5874e-05
-2.22045e-16, 9.5874e-05
-2.22045e-16, 0.000191748
-2.22045e-16, 9.5874e-05
-2.22045e-16, 9.5874e-05
-2.22045e-16, 9.5874e-05
-2.22045e-16, 9.5874e-05
-2.22045e-16, 9.5874e-05
-2.22045e-16, 9.5874e-05
-2.22045e-16, 0.000191748
-2.22045e-16, 9.5874e-05
-2.22045e-16, 9.5874e-05
-2.22045e-16, 9.5874e-05
-2.22045e-16, 9.5874e-05
-2.22045e-16, 9.5874e-05
-2.22045e-16, 9.5874e-05
-2.22045e-16, 9.5874e-05
-2.22045e-16, 9.5874e-05
-2.22045e-16, 9.5874e-05
-2.22045e-16, 9.5874e-05
-2.22045e-16, 0.000191748
-2.22045e-16, 0.000191748
-2.22045e-16, 9.5874e-05
-2.22045e-16, 9.5874e-05
-2.22045e-16, 9.5874e-05
-2.22045e-16, 9.5874e-05
-2.22045e-16, 9.5874e-05
-2.22045e-16, 9.5874e-05
-2.22045e-16, 0.000191748
-2.22045e-16, 9.5874e-05
-2.22045e-16, 9.5874e-05
-2.22045e-16, 9.5874e-05
-2.22045e-16, 9.5874e-05
-2.22045e-16, 9.5874e-05
-2.22045e-16, 9.5874e-05
-2.22045e-16, 9.5874e-05
-2.22045e-16, 0.000191748
-2.22045e-16, 9.5874e-05
-2.22045e-16, 9.5874e-05
-2.22045e-16, 9.5874e-05
-2.22045e-16, 9.5874e-05
-2.22045e-16, 9.5874e-05
-2.22045e-16, 9.5874e-05
-2.22045e-16, 9.5874e-05
-2.22045e-16, 9.5874e-05
-2.22045e-16, 9.5874e-05
-2.22045e-16, 9.5874e-05
-2.22045e-16, 9.5874e-05
-2.22045e-16, 0.000191748
-2.22045e-16, 9.5874e-05
-2.22045e-16, 9.5874e-05
-2.22045e-16, 9.5874e-05
-2.22045e-16, 9.5874e-05
-2.22045e-16, 9.5874e-05
-2.22045e-16, 9.5874e-05
-2.22045e-16, 9.5874e-05
-2.22045e-16, 9.5874e-05
-2.22045e-16, 9.5874e-05
-2.22045e-16, 9.5874e-05
-2.22045e-16, 9.5874e-05
-2.22045e-16, 9.5874e-05
-2.22045e-16, 9.5874e-05
-2.22045e-16, 9.5874e-05
-2.22045e-16, 9.5874e-05
-2.22045e-16, 9.5874e-05
-2.22045e-16, 0.000191748
-2.22045e-16, 9.5874e-05
-2.22045e-16, 9.5874e-05
-2.22045e-16, 9.5874e-05
-2.22045e-16, 9.5874e-05
-2.22045e-16, 9.5874e-05
-2.22045e-16, 9.5874e-05
-2.22045e-16, 9.5874e-05
-2.22045e-16, 9.5874e-05
-2.22045e-16, 9.5874e-05
-2.22045e-16, 9.5874e-05
-2.22045e-16, 9.5874e-05
-2.22045e-16, 9.5874e-05
-2.22045e-16, 9.5874e-05
-2.22045e-16, 9.5874e-05
-2.22045e-16, 9.5874e-05
-2.22045e-16, 9.5874e-05
-2.22045e-16, 9.5874e-05
-2.22045e-16, 9.5874e-05
-2.22045e-16, 9.5874e-05
-2.22045e-16, 0.000191748
-2.22045e-16, 9.5874e-05
-2.22045e-16, 9.5874e-05
-2.22045e-16, 9.5874e-05
-2.22045e-16, 9.5874e-05
-2.22045e-16, 9.5874e-05
-2.22045e-16, 9.5874e-05
-2.22045e-16, 9.5874e-05
-2.22045e-16, 9.5874e-05
-2.22045e-16, 9.5874e-05
-2.22045e-16, 9.5874e-05
-2.22045e-16, 9.5874e-05
-2.22045e-16, 0.000191748
-2.22045e-16, 9.5874e-05
-2.22045e-16, 9.5874e-05
-2.22045e-16, 9.5874e-05
-2.22045e-16, 9.5874e-05
-2.22045e-16, 9.5874e-05
-2.22045e-16, 9.5874e-05
-2.22045e-16, 9.5874e-05
-2.22045e-16, 9.5874e-05
-2.22045e-16, 9.5874e-05
-2.22045e-16, 9.5874e-05
-2.22045e-16, 9.5874e-05
-2.22045e-16, 9.5874e-05
-2.22045e-16, 9.5874e-05
-2.22045e-16, 9.5874e-05
-2.22045e-16, 9.5874e-05
-2.22045e-16, 9.5874e-05
-2.22045e-16, 9.5874e-05
-2.22045e-16, 9.5874e-05
-2.22045e-16, 0
-2.22045e-16, 9.5874e-05
-2.22045e-16, 9.5874e-05
-2.22045e-16, 9.5874e-05
-2.22045e-16, 9.5874e-05
-2.22045e-16, 9.5874e-05
-2.22045e-16, 9.5874e-05
-2.22045e-16, 9.5874e-05
-2.22045e-16, 0.000191748
-2.22045e-16, 9.5874e-05
-2.22045e-16, 9.5874e-05
-2.22045e-16, 9.5874e-05
-2.22045e-16, 9.5874e-05
-2.22045e-16, 9.5874e-05
-2.22045e-16, 9.5874e-05
-2.22045e-16, 0.000191748
-2.22045e-16, 0.000191748
-2.22045e-16, 9.5874e-05
-2.22045e-16, 9.5874e-05
-2.22045e-16, 9.5874e-05
-2.22045e-16, 9.5874e-05
-2.22045e-16, 9.5874e-05
-2.22045e-16, 9.5874e-05
-2.22045e-16, 9.5874e-05
-2.22045e-16, 0.000191748
-2.22045e-16, 9.5874e-05
-2.22045e-16, 9.5874e-05
-2.22045e-16, 9.5874e-05
-2.22045e-16, 9.5874e-05
-2.22045e-16, 9.5874e-05
-2.22045e-16, 9.5874e-05
-2.22045e-16, 9.5874e-05
-2.22045e-16, 9.5874e-05
-2.22045e-16, 9.5874e-05
-2.22045e-16, 9.5874e-05
-2.22045e-16, 9.5874e-05
-2.22045e-16, 0.000191748
-2.22045e-16, 9.5874e-05
-2.22045e-16, 9.5874e-05
-2.22045e-16, 9.5874e-05
-2.22045e-16, 9.5874e-05
-2.22045e-16, 9.5874e-05
-2.22045e-16, 9.5874e-05
-2.22045e-16, 9.5874e-05
-2.22045e-16, 9.5874e-05
-2.22045e-16, 0.000191748
-2.22045e-16, 9.5874e-05
0, 0.000191748
0, 9.5874e-05
7.64693e-12, 9.5874e-05
6.09918e-11, 9.5874e-05
2.05229e-10, 9.5874e-05
4.85003e-10, 9.5874e-05
9.44417e-10, 9.5874e-05
1.62703e-09, 9.5874e-05
2.57585e-09, 0.000191748
3.83336e-09, 9.5874e-05
5.44149e-09, 9.5874e-05
7.44167e-09, 9.5874e-05
9.87475e-09, 9.5874e-05
1.27811e-08, 0.000191748
1.62005e-08, 9.5874e-05
2.01722e-08, 9.5874e-05
2.47351e-08, 9.5874e-05
2.99273e-08, 9.5874e-05
3.57867e-08, 9.5874e-05
4.23503e-08, 9.5874e-05
4.96549e-08, 9.5874e-05
5.77367e-08, 9.5874e-05
6.66314e-08, 9.5874e-05
7.6374e-08, 9.5874e-05
8.69994e-08, 9.5874e-05
9.85415e-08, 9.5874e-05
1.11034e-07, 9.5874e-05
1.2451e-07, 9.5874e-05
1.39003e-07, 9.5874e-05
1.54544e-07, 0.000191748
1.71165e-07, 9.5874e-05
1.88897e-07, 9.5874e-05
2.07772e-07, 9.5874e-05
2.27818e-07, 9.5874e-05
2.49067e-07, 9.5874e-05
2.71546e-07, 9.5874e-05
2.95286e-07, 9.5874e-05
3.20313e-07, 9.5874e-05
3.46657e-07, 9.5874e-05
3.74344e-07, 0.000191748
4.03401e-07, 0.000191748
4.33855e-07, 9.5874e-05
4.65731e-07, 9.5874e-05
4.99056e-07, 9.5874e-05
5.33853e-07, 9.5874e-05
5.70148e-07, 9.5874e-05
6.07964e-07, 9.5874e-05
6.47326e-07, 9.5874e-05
6.88256e-07, 9.5874e-05
7.30777e-07, 9.5874e-05
7.74912e-07, 9.5874e-05
8.20682e-07, 9.5874e-05
8.68108e-07, 9.5874e-05
9.17213e-07, 9.5874e-05
9.68015e-07, 9.5874e-05
1.02054e-06, 9.5874e-05
1.07479e-06, 9.5874e-05
1.13081e-06, 9.5874e-05
1.1886e-06, 9.5874e-05
1.24819e-06, 9.5874e-05
1.30958e-06, 9.5874e-05
1.37281e-06, 9.5874e-05
1.43788e-06, 9.5874e-05
1.50482e-06, 0.000191748
1.57364e-06, 9.5874e-05
1.64435e-06, 9.5874e-05
1.71697e-06, 9.5874e-05
1.79152e-06, 9.5874e-05
1.86801e-06, 9.5874e-05
1.94645e-06, 9.5874e-05
2.02686e-06, 9.5874e-05
2.10926e-06, 9.5874e-05
2.19364e-06, 0.000191748
2.28004e-06, 9.5874e-05
2.36845e-06, 9.5874e-05
2.4589e-06, 9.5874e-05
2.55139e-06, 9.5874e-05
2.64593e-06, 9.5874e-05
2.74254e-06, 9.5874e-05
2.84122e-06, 9.5874e-05
2.94198e-06, 9.5874e-05
3.04484e-06, 9.5874e-05
3.1498e-06, 0.000191748
3.25687e-06, 9.5874e-05
3.36607e-06, 9.5874e-05
3.47739e-06, 9.5874e-05
3.59084e-06, 9.5874e-05
3.70644e-06, 9.5874e-05
3.82419e-06, 9.5874e-05
3.9441e-06, 9.5874e-05
4.06616e-06, 9.5874e-05
4.1904e-06, 9.5874e-05
4.31681e-06, 9.5874e-05
4.4454e-06, 9.5874e-05
4.57617e-06, 9.5874e-05
4.70913e-06, 9.5874e-05
4.84428e-06, 9.5874e-05
4.98162e-06, 9.5874e-05
5.12117e-06, 9.5874e-05
5.26291e-06, 9.5874e-05
5.40687e-06, 9.5874e-05
5.55302e-06, 9.5874e-05
5.70139e-06, 9.5874e-05
5.85197e-06, 9.5874e-05
6.00476e-06, 9.5874e-05
6.15976e-06, 9.5874e-05
6.31698e-06, 9.5874e-05
6.47641e-06, 9.5874e-05
6.63805e-06, 9.5874e-05
6.80191e-06, 0.000191748
6.96798e-06, 9.5874e-05
7.13627e-06, 9.5874e-05
7.30676e-06, 9.5874e-05
7.47947e-06, 9.5874e-05
7.65438e-06, 0.000191748
7.8315e-06, 9.5874e-05
8.01082e-06, 9.5874e-05
8.19234e-06, 9.5874e-05
8.37606e-06, 9.5874e-05
8.56197e-06, 0.000191748
8.75008e-06, 9.5874e-05
8.94037e-06, 9.5874e-05
9.13284e-06, 9.5874e-05
9.32749e-06, 9.5874e-05
9.52431e-06, 9.5874e-05
9.72331e-06, 9.5874e-05
9.92446e-06, 9.5874e-05
1.01278e-05, 9.5874e-05
1.03332e-05, 0.000191748
1.05408e-05, 0.000191748
1.07506e-05, 9.5874e-05
1.09625e-05, 9.5874e-05
1.11765e-05, 9.5874e-05
1.13926e-05, 9.5874e-05
1.16108e-05, 0.000191748
1.18312e-05, 9.5874e-05
1.20536e-05, 9.5874e-05
1.22781e-05, 9.5874e-05
1.25047e-05, 9.5874e-05
1.27334e-05, 9.5874e-05
1.29641e-05, 0.000191748
1.31969e-05, 9.5874e-05
1.34317e-05, 9.5874e-05
1.36685e-05, 9.5874e-05
1.39074e-05, 9.5874e-05
1.41483e-05, 9.5874e-05
1.43911e-05, 9.5874e-05
1.4636e-05, 9.5874e-05
1.48828e-05, 9.5874e-05
1.51317e-05, 9.5874e-05
1.53824e-05, 9.5874e-05
1.56351e-05, 9.5874e-05
1.58898e-05, 9.5874e-05
1.61464e-05, 9.5874e-05
1.64048e-05, 9.5874e-05
1.66652e-05, 9.5874e-05
1.69275e-05, 9.5874e-05
1.71916e-05, 9.5874e-05
1.74576e-05, 9.5874e-05
1.77254e-05, 9.5874e-05
1.7995e-05, 9.5874e-05
1.82665e-05, 9.5874e-05
1.85398e-05, 9.5874e-05
1.88149e-05, 9.5874e-05
1.90917e-05, 9.5874e-05
1.93703e-05, 9.5874e-05
1.96506e-05, 9.5874e-05
1.99327e-05, 9.5874e-05
2.02165e-05, 9.5874e-05
2.0502e-05, 9.5874e-05
2.07892e-05, 9.5874e-05
2.1078e-05, 9.5874e-05
2.13685e-05, 9.5874e-05
2.16606e-05, 9.5874e-05
2.19543e-05, 9.5874e-05
2.22497e-05, 0.000191748
2.25466e-05, 9.5874e-05
2.28451e-05, 9.5874e-05
2.31452e-05, 9.5874e-05
2.34468e-05, 9.5874e-05
2.37499e-05, 9.5874e-05
2.40545e-05, 0.000191748
2.43606e-05, 9.5874e-05
2.46682e-05, 9.5874e-05
2.49772e-05, 9.5874e-05
2.52877e-05, 9.5874e-05
2.55995e-05, 9.5874e-05
2.59128e-05, 9.5874e-05
2.62274e-05, 9.5874e-05
2.65434e-05, 9.5874e-05
2.68607e-05, 9.5874e-05
2.71794e-05, 9.5874e-05
2.74993e-05, 9.5874e-05
2.78206e-05, 9.5874e-05
2.81431e-05, 9.5874e-05
2.84668e-05, 0.000191748
2.87918e-05, 9.5874e-05
2.91179e-05, 9.5874e-05
2.94453e-05, 9.5874e-05
2.97738e-05, 9.5874e-05
3.01035e-05, 0.000191748
3.04343e-05, 9.5874e-05
3.07661e-05, 9.5874e-05
3.10991e-05, 9.5874e-05
3.14332e-05, 0
3.17682e-05, 9.5874e-05
3.21043e-05, 9.5874e-05
3.24414e-05, 9.5874e-05
3.27795e-05, 0.000191748
3.31186e-05, 9.5874e-05
3.34586e-05, 9.5874e-05
3.37995e-05, 9.5874e-05
3.41413e-05, 9.5874e-05
3.44839e-05, 9.5874e-05
3.48275e-05, 9.5874e-05
3.51718e-05, 9.5874e-05
3.5517e-05, 9.5874e-05
3.5863e-05, 9.5874e-05
3.62097e-05, 9.5874e-05
3.65572e-05, 9.5874e-05
3.69054e-05, 9.5874e-05
3.72543e-05, 9.5874e-05
3.76039e-05, 9.5874e-05
3.79541e-05, 9.5874e-05
3.8305e-05, 9.5874e-05
3.86565e-05, 9.5874e-05
3.90086e-05, 9.5874e-05
3.93612e-05, 9.5874e-05
3.97144e-05, 9.5874e-05
4.00681e-05, 9.5874e-05
4.04224e-05, 0.000191748
4.07771e-05, 9.5874e-05
4.11323e-05, 9.5874e-05
4.14879e-05, 9.5874e-05
4.18439e-05, 9.5874e-05
4.22003e-05, 9.5874e-05
4.2557e-05, 0.000191748
4.29141e-05, 9.5874e-05
4.32716e-05, 9.5874e-05
4.36293e-05, 9.5874e-05
4.39873e-05, 9.5874e-05
4.43456e-05, 9.5874e-05
4.47041e-05, 9.5874e-05
4.50628e-05, 9.5874e-05
4.54216e-05, 9.5874e-05
4.57807e-05, 9.5874e-05
4.61399e-05, 9.5874e-05
4.64992e-05, 9.5874e-05
4.68585e-05, 9.5874e-05
4.7218e-05, 9.5874e-05
4.75775e-05, 9.5874e-05
4.7937e-05, 9.5874e-05
4.82965e-05, 9.5874e-05
4.8656e-05, 9.5874e-05
4.90155e-05, 9.5874e-05
4.93749e-05, 9.5874e-05
4.97342e-05, 0.000191748
5.00934e-05, 9.5874e-05
5.04524e-05, 9.5874e-05
5.08113e-05, 9.5874e-05
5.117e-05, 9.5874e-05
5.15285e-05, 9.5874e-05
5.18867e-05, 9.5874e-05
5.22447e-05, 0.000191748
5.26025e-05, 9.5874e-05
5.29599e-05, 9.5874e-05
5.3317e-05, 0.000191748
5.36738e-05, 0.000191748
5.40302e-05, 9.5874e-05
5.43862e-05, 9.5874e-05
5.47418e-05, 0.000191748
5.50969e-05, 9.5874e-05
5.54517e-05, 9.5874e-05
5.58059e-05, 9.5874e-05
5.61596e-05, 0.000191748
5.65128e-05, 9.5874e-05
5.68655e-05, 9.5874e-05
5.72176e-05, 9.5874e-05
5.7569e-05, 9.5874e-05
5.79199e-05, 9.5874e-05
5.82702e-05, 9.5874e-05
5.86197e-05, 9.5874e-05
5.89687e-05, 9.5874e-05
5.93169e-05, 9.5874e-05
5.96643e-05, 9.5874e-05
6.00111e-05, 9.5874e-05
6.0357e-05, 9.5874e-05
6.07022e-05, 9.5874e-05
6.10466e-05, 9.5874e-05
6.13901e-05, 9.5874e-05
6.17328e-05, 9.5874e-05
6.20746e-05, 9.5874e-05
6.24155e-05, 0.000191748
6.27555e-05, 9.5874e-05
6.30945e-05, 9.5874e-05
6.34326e-05, 9.5874e-05
6.37697e-05, 9.5874e-05
6.41058e-05, 9.5874e-05
6.44409e-05, 0.000191748
6.47749e-05, 9.5874e-05
6.51079e-05, 9.5874e-05
6.54398e-05, 9.5874e-05
6.57706e-05, 0.000191748
6.61002e-05, 9.5874e-05
6.64287e-05, 0.000191748
6.67561e-05, 0.000191748
6.70823e-05, 9.5874e-05
6.74072e-05, 9.5874e-05
6.7731e-05, 9.5874e-05
6.80535e-05, 9.5874e-05
6.83747e-05, 9.5874e-05
6.86946e-05, 0.000191748
6.90133e-05, 9.5874e-05
6.93306e-05, 0.000191748
6.96466e-05, 0
6.99612e-05, 9.5874e-05
7.02745e-05, 9.5874e-05
7.05864e-05, 9.5874e-05
7.08968e-05, 9.5874e-05
7.12058e-05, 9.5874e-05
7.15134e-05, 9.5874e-05
7.18195e-05, 9.5874e-05
7.21241e-05, 9.5874e-05
7.24272e-05, 9.5874e-05
7.27288e-05, 9.5874e-05
7.30289e-05, 9.5874e-05
7.33274e-05, 9.5874e-05
7.36243e-05, 9.5874e-05
7.39197e-05, 9.5874e-05
7.42134e-05, 9.5874e-05
7.45056e-05, 9.5874e-05
7.4796e-05, 9.5874e-05
7.50849e-05, 9.5874e-05
7.53721e-05, 9.5874e-05
7.56575e-05, 9.5874e-05
7.59413e-05, 9.5874e-05
7.62234e-05, 9.5874e-05
7.65037e-05, 9.5874e-05
7.67823e-05, 0.000191748
7.70592e-05, 0.000191748
7.73342e-05, 9.5874e-05
7.76075e-05, 9.5874e-05
7.7879e-05, 9.5874e-05
7.81486e-05, 9.5874e-05
7.84165e-05, 9.5874e-05
7.86825e-05, 9.5874e-05
7.89466e-05, 9.5874e-05
7.92088e-05, 9.5874e-05
7.94692e-05, 9.5874e-05
7.97277e-05, 9.5874e-05
7.99842e-05, 9.5874e-05
8.02389e-05, 9.5874e-05
8.04916e-05, 9.5874e-05
8.07424e-05, 9.5874e-05
8.09912e-05, 9.5874e-05
8.1238e-05, 9.5874e-05
8.14829e-05, 9.5874e-05
8.17258e-05, 9.5874e-05
8.19667e-05, 9.5874e-05
8.22055e-05, 0.000191748
8.24424e-05, 9.5874e-05
8.26772e-05, 9.5874e-05
8.291e-05, 9.5874e-05
8.31407e-05, 9.5874e-05
8.33693e-05, 9.5874e-05
8.35959e-05, 9.5874e-05
8.38204e-05, 9.5874e-05
8.40429e-05, 9.5874e-05
8.42632e-05, 9.5874e-05
8.44814e-05, 9.5874e-05
8.46976e-05, 9.5874e-05
8.49116e-05, 9.5874e-05
8.51234e-05, 9.5874e-05
8.53332e-05, 9.5874e-05
8.55408e-05, 9.5874e-05
8.57463e-05, 9.5874e-05
8.59496e-05, 9.5874e-05
8.61507e-05, 0.000191748
8.63497e-05, 9.5874e-05
8.65465e-05, 9.5874e-05
8.67412e-05, 0.000191748
8.69337e-05, 9.5874e-05
8.7124e-05, 0.000191748
8.73121e-05, 9.5874e-05
8.7498e-05, 9.5874e-05
8.76817e-05, 9.5874e-05
8.78632e-05, 9.5874e-05
8.80425e-05, 9.5874e-05
8.82197e-05, 0.000191748
8.83946e-05, 9.5874e-05
8.85673e-05, 9.5874e-05
8.87378e-05, 9.5874e-05
8.89061e-05, 9.5874e-05
8.90721e-05, 9.5874e-05
8.9236e-05, 9.5874e-05
8.93976e-05, 9.5874e-05
8.95571e-05, 9.5874e-05
8.97143e-05, 9.5874e-05
8.98693e-05, 9.5874e-05
9.00221e-05, 9.5874e-05
9.01726e-05, 9.5874e-05
9.0321e-05, 0.000191748
9.04672e-05, 9.5874e-05
9.06111e-05, 9.5874e-05
9.07529e-05, 9.5874e-05
9.08924e-05, 9.5874e-05
9.10298e-05, 9.5874e-05
9.11649e-05, 9.5874e-05
9.12979e-05, 9.5874e-05
9.14286e-05, 9.5874e-05
9.15572e-05, 9.5874e-05
9.16836e-05, 9.5874e-05
9.18079e-05, 9.5874e-05
9.19299e-05, 9.5874e-05
9.20498e-05, 9.5874e-05
9.21676e-05, 9.5874e-05
9.22832e-05, 9.5874e-05
9.23966e-05, 9.5874e-05
9.2508e-05, 9.5874e-05
9.26172e-05, 9.5874e-05
9.27242e-05, 9.5874e-05
9.28292e-05, 9.5874e-05
9.29321e-05, 9.5874e-05
9.30328e-05, 0.000191748
9.31315e-05, 9.5874e-05
9.32281e-05, 9.5874e-05
9.33226e-05, 9.5874e-05
9.34151e-05, 9.5874e-05
9.35056e-05, 9.5874e-05
9.3594e-05, 9.5874e-05
9.36804e-05, 9.5874e-05
9.37648e-05, 9.5874e-05
9.38472e-05, 9.5874e-05
9.39276e-05, 9.5874e-05
9.4006e-05, 9.5874e-05
9.40825e-05, 0.000191748
9.41571e-05, 0.000191748
9.42297e-05, 9.5874e-05
9.43004e-05, 9.5874e-05
9.43692e-05, 9.5874e-05
9.44361e-05, 9.5874e-05
9.45012e-05, 0.000191748
9.45644e-05, 9.5874e-05
9.46258e-05, 9.5874e-05
9.46854e-05, 0.000191748
9.47432e-05, 9.5874e-05
9.47992e-05, 9.5874e-05
9.48535e-05, 9.5874e-05
9.4906e-05, 9.5874e-05
9.49568e-05, 9.5874e-05
9.50059e-05, 9.5874e-05
9.50534e-05, 9.5874e-05
9.50991e-05, 0.000191748
9.51433e-05, 9.5874e-05
9.51858e-05, 9.5874e-05
9.52267e-05, 9.5874e-05
9.52661e-05, 9.5874e-05
9.53039e-05, 9.5874e-05
9.53402e-05, 9.5874e-05
9.5375e-05, 9.5874e-05
9.54083e-05, 9.5874e-05
9.54402e-05, 9.5874e-05
9.54706e-05, 9.5874e-05
9.54997e-05, 0.000191748
9.55274e-05, 9.5874e-05
9.55537e-05, 0.000191748
9.55787e-05, 9.5874e-05
9.56025e-05, 9.5874e-05
9.5625e-05, 9.5874e-05
9.56462e-05, 9.5874e-05
9.56663e-05, 9.5874e-05
9.56851e-05, 9.5874e-05
9.57029e-05, 9.5874e-05
9.57195e-05, 9.5874e-05
9.5735e-05, 9.5874e-05
9.57495e-05, 9.5874e-05
9.5763e-05, 9.5874e-05
9.57755e-05, 9.5874e-05
9.5787e-05, 9.5874e-05
9.57977e-05, 9.5874e-05
9.58074e-05, 9.5874e-05
9.58163e-05, 9.5874e-05
9.58244e-05, 9.5874e-05
9.58317e-05, 9.5874e-05
9.58382e-05, 9.5874e-05
9.58441e-05, 9.5874e-05
9.58493e-05, 9.5874e-05
9.58539e-05, 9.5874e-05
9.58578e-05, 9.5874e-05
9.58613e-05, 9.5874e-05
9.58642e-05, 9.5874e-05
9.58666e-05, 9.5874e-05
9.58686e-05, 0.000191748
9.58702e-05, 9.5874e-05
9.58715e-05, 9.5874e-05
9.58724e-05, 9.5874e-05
9.58731e-05, 9.5874e-05
9.58735e-05, 9.5874e-05
9.58738e-05, 9.5874e-05
9.5874e-05, 9.5874e-05
9.5874e-05, 9.5874e-05
9.5874e-05, 9.5874e-05
9.5874e-05, 9.5874e-05
9.5874e-05, 9.5874e-05
9.5874e-05, 9.5874e-05
9.5874e-05, 9.5874e-05
9.5874e-05, 9.5874e-05
9.5874e-05, 9.5874e-05
9.5874e-05, 9.5874e-05
9.5874e-05, 9.5874e-05
9.5874e-05, 9.5874e-05
9.5874e-05, 9.5874e-05
9.5874e-05, 9.5874e-05
9.5874e-05, 9.5874e-05
9.5874e-05, 9.5874e-05
9.5874e-05, 9.5874e-05
9.5874e-05, 9.5874e-05
9.5874e-05, 9.5874e-05
9.5874e-05, 0.000191748
9.5874e-05, 9.5874e-05
9.5874e-05, 9.5874e-05
9.5874e-05, 9.5874e-05
9.5874e-05, 9.5874e-05
9.5874e-05, 9.5874e-05
9.5874e-05, 9.5874e-05
9.5874e-05, 9.5874e-05
9.5874e-05, 0.000191748
9.5874e-05, 9.5874e-05
9.5874e-05, 9.5874e-05
9.5874e-05, 9.5874e-05
9.5874e-05, 9.5874e-05
9.5874e-05, 9.5874e-05
9.5874e-05, 9.5874e-05
9.5874e-05, 9.5874e-05
9.5874e-05, 9.5874e-05
9.5874e-05, 9.5874e-05
9.5874e-05, 9.5874e-05
9.5874e-05, 0.000191748
9.5874e-05, 0.000191748
9.5874e-05, 9.5874e-05
9.5874e-05, 9.5874e-05
9.5874e-05, 0.000191748
9.5874e-05, 9.5874e-05
9.5874e-05, 9.5874e-05
9.5874e-05, 9.5874e-05
9.5874e-05, 0.000191748
9.5874e-05, 9.5874e-05
9.5874e-05, 9.5874e-05
9.5874e-05, 9.5874e-05
9.5874e-05, 9.5874e-05
9.5874e-05, 9.5874e-05
9.5874e-05, 9.5874e-05
9.5874e-05, 0.000191748
9.5874e-05, 9.5874e-05
9.5874e-05, 9.5874e-05
9.5874e-05, 9.5874e-05
9.5874e-05, 0.000191748
9.5874e-05, 9.5874e-05
9.5874e-05, 9.5874e-05
9.5874e-05, 9.5874e-05
9.5874e-05, 9.5874e-05
9.5874e-05, 9.5874e-05
9.5874e-05, 9.5874e-05
9.5874e-05, 9.5874e-05
9.5874e-05, 9.5874e-05
9.5874e-05, 9.5874e-05
9.5874e-05, 9.5874e-05
9.5874e-05, 9.5874e-05
9.5874e-05, 9.5874e-05
9.5874e-05, 9.5874e-05
9.5874e-05, 9.5874e-05
9.5874e-05, 9.5874e-05
9.5874e-05, 9.5874e-05
9.5874e-05, 9.5874e-05
9.5874e-05, 9.5874e-05
9.5874e-05, 9.5874e-05
9.5874e-05, 9.5874e-05
9.5874e-05, 9.5874e-05
9.5874e-05, 9.5874e-05
9.5874e-05, 9.5874e-05
9.5874e-05, 9.5874e-05
9.5874e-05, 9.5874e-05
9.5874e-05, 9.5874e-05
9.5874e-05, 9.5874e-05
9.5874e-05, 9.5874e-05
9.5874e-05, 9.5874e-05
9.5874e-05, 9.5874e-05
9.5874e-05, 9.5874e-05
9.5874e-05, 9.5874e-05
9.5874e-05, 0.000191748
9.5874e-05, 9.5874e-05
9.5874e-05, 9.5874e-05
9.5874e-05, 9.5874e-05
9.5874e-05, 9.5874e-05
9.5874e-05, 9.5874e-05
9.5874e-05, 9.5874e-05
9.5874e-05, 9.5874e-05
9.5874e-05, 9.5874e-05
9.5874e-05, 9.5874e-05
9.5874e-05, 9.5874e-05
9.5874e-05, 9.5874e-05
9.5874e-05, 9.5874e-05
9.5874e-05, 9.5874e-05
9.5874e-05, 9.5874e-05
9.5874e-05, 0.000191748
9.5874e-05, 9.5874e-05
9.5874e-05, 9.5874e-05
9.5874e-05, 9.5874e-05
9.5874e-05, 9.5874e-05
9.5874e-05, 9.5874e-05
9.5874e-05, 9.5874e-05
9.5874e-05, 9.5874e-05
9.5874e-05, 9.5874e-05
9.5874e-05, 9.5874e-05
9.5874e-05, 9.5874e-05
9.5874e-05, 9.5874e-05
9.5874e-05, 9.5874e-05
9.5874e-05, 9.5874e-05
9.5874e-05, 9.5874e-05
9.5874e-05, 9.5874e-05
9.5874e-05, 9.5874e-05
9.5874e-05, 9.5874e-05
9.5874e-05, 9.5874e-05
9.5874e-05, 9.5874e-05
9.5874e-05, 9.5874e-05
9.5874e-05, 9.5874e-05
9.5874e-05, 9.5874e-05
9.5874e-05, 9.5874e-05
9.5874e-05, 9.5874e-05
9.5874e-05, 9.5874e-05
9.5874e-05, 9.5874e-05
9.5874e-05, 9.5874e-05
9.5874e-05, 9.5874e-05
9.5874e-05, 9.5874e-05
9.5874e-05, 9.5874e-05
9.5874e-05, 9.5874e-05
9.5874e-05, 9.5874e-05
9.5874e-05, 9.5874e-05
9.5874e-05, 9.5874e-05
9.5874e-05, 0.000191748
9.5874e-05, 9.5874e-05
9.5874e-05, 9.5874e-05
9.5874e-05, 9.5874e-05
9.5874e-05, 9.5874e-05
9.5874e-05, 9.5874e-05
9.5874e-05, 9.5874e-05
9.5874e-05, 9.5874e-05
9.5874e-05, 0.000191748
9.5874e-05, 9.5874e-05
9.5874e-05, 9.5874e-05
9.5874e-05, 9.5874e-05
9.5874e-05, 9.5874e-05
9.5874e-05, 0.000191748
9.5874e-05, 9.5874e-05
9.5874e-05, 9.5874e-05
9.5874e-05, 9.5874e-05
9.5874e-05, 9.5874e-05
9.5874e-05, 9.5874e-05
9.5874e-05, 0.000191748
9.5874e-05, 9.5874e-05
9.5874e-05, 9.5874e-05
9.5874e-05, 9.5874e-05
9.5874e-05, 0.000191748
9.5874e-05, 9.5874e-05
9.5874e-05, 9.5874e-05
9.5874e-05, 9.5874e-05
9.5874e-05, 9.5874e-05
9.5874e-05, 9.5874e-05
9.5874e-05, 9.5874e-05
9.5874e-05, 9.5874e-05
9.5874e-05, 9.5874e-05
9.5874e-05, 9.5874e-05
9.5874e-05, 9.5874e-05
9.5874e-05, 9.5874e-05
9.5874e-05, 9.5874e-05
9.5874e-05, 9.5874e-05
9.5874e-05, 9.5874e-05
9.5874e-05, 9.5874e-05
9.5874e-05, 9.5874e-05
9.5874e-05, 9.5874e-05
9.5874e-05, 9.5874e-05
9.5874e-05, 9.5874e-05
9.5874e-05, 9.5874e-05
9.5874e-05, 9.5874e-05
9.5874e-05, 9.5874e-05
9.5874e-05, 9.5874e-05
9.5874e-05, 9.5874e-05
9.5874e-05, 9.5874e-05
9.5874e-05, 9.5874e-05
9.5874e-05, 9.5874e-05
9.5874e-05, 9.5874e-05
9.5874e-05, 9.5874e-05
9.5874e-05, 0.000191748
9.5874e-05, 9.5874e-05
